1	3	11	12	14	41	43	1
1	8	33	36	37	39	41	1
1	1	6	23	24	27	39	1
1	3	9	10	13	20	43	1
1	5	14	21	31	34	47	1
1	8	20	21	25	31	41	1
1	18	25	28	33	36	42	1
1	7	16	17	31	40	48	1
1	5	10	23	27	37	38	1
1	4	15	30	37	46	48	1
1	7	9	21	33	38	42	1
1	11	17	19	20	36	43	1
1	7	14	17	20	37	47	1
1	25	28	29	30	35	44	1
1	8	18	36	39	41	47	1
1	9	12	13	14	44	48	1
1	4	14	18	40	43	44	1
1	13	16	18	34	35	36	1
1	11	23	25	28	29	36	1
1	7	18	23	25	37	45	1
1	11	18	19	31	37	45	1
1	8	14	16	18	31	48	1
1	4	11	23	24	25	45	1
1	3	4	19	33	34	48	1
1	5	17	21	28	30	43	1
1	6	17	24	36	38	46	1
1	4	9	10	11	43	46	1
1	7	13	23	32	33	45	1
1	11	18	22	28	35	37	1
1	25	26	31	35	45	48	1
1	11	19	25	31	32	36	1
1	8	34	37	39	41	47	1
1	5	10	30	35	36	45	1
1	8	22	26	27	34	42	1
1	3	5	6	33	38	39	1
1	10	14	25	31	44	47	1
1	11	13	15	16	24	31	1
1	11	12	19	25	29	44	1
1	2	7	21	22	30	33	1
1	11	15	25	38	41	43	1
1	2	10	11	31	43	49	1
1	21	24	25	32	39	49	1
1	4	10	23	38	41	46	1
1	20	24	28	35	42	46	1
1	1	3	19	31	32	47	1
1	3	17	20	30	35	48	1
1	18	26	29	35	36	49	1
1	2	13	41	42	44	47	1
1	7	10	11	16	28	40	1
1	6	7	10	32	36	38	1
1	2	29	31	40	45	48	1
1	4	14	24	31	33	35	1
1	7	19	26	28	45	49	1
1	9	19	28	36	45	46	1
1	4	11	14	20	26	30	1
1	5	9	27	39	40	43	1
1	16	19	22	29	44	48	1
1	11	14	18	31	35	49	1
1	22	23	25	26	35	41	1
1	3	6	7	33	34	36	1
1	9	11	27	28	37	46	1
1	1	2	8	23	46	48	1
1	9	12	20	21	37	43	1
1	9	16	18	20	26	43	1
1	1	6	13	15	22	27	1
1	23	30	32	33	35	44	1
1	9	21	22	29	48	49	1
1	1	6	15	34	42	44	1
1	1	15	20	22	24	49	1
1	13	23	37	43	48	49	1
1	2	3	23	26	27	40	1
1	8	14	25	32	34	35	1
1	1	5	7	8	11	13	1
1	18	20	23	26	33	49	1
1	1	2	7	13	22	31	1
1	4	14	16	30	33	38	1
1	3	12	16	21	33	49	1
1	3	5	19	26	32	43	1
1	1	14	22	25	40	42	1
1	7	9	20	28	35	41	1
1	1	2	13	21	42	48	1
1	7	22	25	27	30	35	1
1	1	7	14	31	41	43	1
1	2	12	29	31	44	46	1
1	1	5	14	24	25	38	1
1	15	24	27	32	34	49	1
1	20	26	28	30	45	48	1
1	22	29	36	44	46	47	1
1	4	12	16	31	44	48	1
1	23	27	40	43	44	47	1
1	13	26	27	38	46	47	1
1	2	17	41	42	44	47	1
1	6	26	28	36	37	48	1
1	8	27	28	29	43	44	1
1	12	19	22	23	29	36	1
1	13	27	35	38	44	47	1
1	3	12	31	33	45	49	1
1	8	13	16	18	19	49	1
1	16	24	25	28	32	44	1
1	1	5	6	18	31	35	1
1	6	16	19	20	25	43	1
1	1	4	14	17	21	26	1
1	1	3	40	43	45	46	1
1	9	16	31	38	43	45	1
1	6	17	29	32	39	40	1
1	26	27	37	41	43	45	1
1	7	16	28	34	45	47	1
1	13	15	27	28	40	48	1
1	6	11	20	23	25	35	1
1	6	16	26	28	41	49	1
1	2	7	34	36	37	40	1
1	2	5	29	35	37	38	1
1	1	10	18	27	35	38	1
1	5	6	10	20	40	43	1
1	12	13	15	35	38	39	1
1	5	11	12	16	24	28	1
1	3	24	27	33	41	44	1
1	23	25	29	38	39	43	1
1	7	8	10	15	31	37	1
1	4	11	12	16	36	43	1
1	21	22	29	36	38	41	1
1	5	10	26	31	37	44	1
1	3	14	24	31	35	46	1
1	5	10	11	28	41	44	1
1	1	16	25	36	39	42	1
1	6	7	17	21	43	49	1
1	20	22	27	34	44	48	1
1	8	35	44	46	48	49	1
1	5	30	34	36	43	49	1
1	3	14	18	25	36	45	1
1	7	13	24	31	39	40	1
1	9	12	16	20	36	39	1
1	6	18	21	31	35	48	1
1	16	19	27	30	44	45	1
1	7	17	18	24	29	48	1
1	9	34	38	39	43	44	1
1	7	24	35	37	45	47	1
1	6	30	33	39	41	49	1
1	5	18	22	23	25	26	1
1	2	5	21	24	29	46	1
1	3	7	15	24	38	41	1
1	1	2	7	9	20	43	1
1	17	19	27	30	36	43	1
1	6	7	8	35	36	43	1
1	3	6	18	21	33	34	1
1	14	23	31	33	35	47	1
1	8	16	20	30	31	48	1
1	8	21	27	34	41	46	1
1	7	20	24	46	48	49	1
1	4	8	14	21	30	49	1
1	4	14	27	37	40	44	1
1	1	2	5	7	40	44	1
1	6	15	20	22	26	46	1
1	19	21	32	39	43	45	1
1	9	12	24	30	31	47	1
1	13	16	19	24	33	48	1
1	9	11	19	27	30	46	1
1	4	21	23	27	45	47	1
1	1	7	15	20	31	45	1
1	2	10	39	46	47	48	1
1	5	24	26	36	41	45	1
1	4	5	10	22	30	35	1
1	7	9	11	16	43	46	1
1	3	8	21	24	30	42	1
1	2	8	9	18	31	42	1
1	7	11	14	18	34	45	1
1	4	21	32	38	43	45	1
1	6	19	22	27	36	40	1
1	3	9	13	15	27	30	1
1	30	32	35	40	43	44	1
1	4	9	14	15	44	45	1
1	11	23	43	46	47	49	1
1	8	12	19	33	41	45	1
1	3	11	16	20	21	24	1
1	5	9	12	33	45	47	1
1	7	9	21	28	29	35	1
1	1	26	33	34	38	46	1
1	4	6	22	27	31	33	1
1	7	8	11	19	25	39	1
1	3	6	13	18	31	40	1
1	1	3	8	18	35	47	1
1	22	27	30	39	41	44	1
1	1	6	11	27	33	41	1
1	16	26	32	35	43	46	1
1	19	24	32	36	38	41	1
1	11	19	25	26	36	45	1
1	16	20	26	34	38	47	1
1	9	11	13	29	36	45	1
1	5	9	23	28	40	46	1
1	4	13	18	23	24	40	1
1	31	32	36	38	39	44	1
1	2	7	12	27	29	44	1
1	19	24	26	34	41	43	1
1	4	17	19	25	32	39	1
1	4	5	20	29	31	47	1
1	4	26	29	34	39	40	1
1	9	19	20	32	33	37	1
1	9	10	17	21	38	48	1
1	1	7	19	36	42	49	1
1	6	9	14	26	36	46	1
1	1	7	11	14	19	38	1
1	17	21	22	25	39	47	1
1	3	6	18	31	38	49	1
1	6	20	23	29	32	37	1
1	9	10	12	18	32	48	1
1	4	12	21	40	42	45	1
1	1	10	13	19	25	33	1
1	11	17	23	26	30	34	1
1	2	19	26	27	44	47	1
1	24	26	29	40	44	46	1
1	3	9	11	37	45	46	1
1	4	5	9	19	29	31	1
1	6	26	29	31	32	41	1
1	2	5	7	36	38	42	1
1	1	12	15	19	22	30	1
1	20	22	30	43	46	48	1
1	5	17	23	35	45	48	1
1	9	16	19	25	34	36	1
1	11	15	26	33	40	49	1
1	7	12	13	14	35	43	1
1	1	7	17	28	41	45	1
1	7	24	28	31	37	43	1
1	9	10	20	22	41	42	1
1	8	9	34	41	44	47	1
1	19	25	34	40	42	46	1
1	5	8	17	20	21	42	1
1	2	4	25	28	38	46	1
1	15	22	28	29	42	46	1
1	5	10	17	21	31	36	1
1	18	29	32	34	35	46	1
1	5	19	22	30	39	45	1
1	17	18	23	32	36	39	1
1	9	28	29	32	41	49	1
1	7	17	26	28	42	48	1
1	4	5	7	25	38	42	1
1	8	10	24	27	35	43	1
1	2	9	13	18	20	29	1
1	12	18	30	38	39	47	1
1	9	16	22	40	42	47	1
1	4	10	17	26	39	47	1
1	8	16	19	26	33	45	1
1	1	25	34	41	44	49	1
1	20	25	36	39	43	45	1
1	2	21	26	28	41	49	1
1	3	18	21	31	34	37	1
1	8	16	17	37	40	41	1
1	3	4	5	14	17	31	1
1	3	16	21	41	45	46	1
1	5	14	24	27	36	43	1
1	3	21	29	37	40	47	1
1	2	14	18	28	32	43	1
1	1	8	10	34	42	45	1
1	1	5	15	33	35	47	1
1	1	4	20	33	34	37	1
1	5	16	18	31	46	49	1
1	7	10	12	32	44	48	1
1	16	24	25	36	44	45	1
1	7	17	20	30	33	43	1
1	7	17	29	31	38	47	1
1	7	25	28	32	37	43	1
1	3	13	17	24	32	35	1
1	3	14	29	34	46	49	1
1	3	26	39	44	48	49	1
1	8	14	21	24	38	47	1
1	1	5	7	10	23	40	1
1	5	8	14	21	33	34	1
1	4	5	34	35	40	43	1
1	14	25	35	40	41	43	1
1	6	7	9	21	38	43	1
1	1	4	19	31	45	47	1
1	7	11	18	33	38	40	1
1	4	11	25	32	45	46	1
1	20	27	41	44	47	49	1
1	8	9	19	35	39	48	1
1	3	13	18	22	42	43	1
1	10	14	16	43	44	49	1
1	9	21	30	32	39	41	1
1	8	9	11	15	19	25	1
1	2	12	38	40	42	48	1
1	4	5	11	19	34	38	1
1	2	17	24	30	34	39	1
1	8	14	16	24	26	38	1
1	3	17	20	22	24	49	1
1	7	12	26	33	37	48	1
1	10	21	24	25	39	49	1
1	8	29	32	39	43	45	1
1	3	16	34	36	45	48	1
1	1	3	16	41	42	46	1
1	13	17	21	22	24	46	1
1	19	22	24	36	38	41	1
1	23	25	26	27	38	46	1
1	2	3	6	11	31	42	1
1	1	17	26	33	36	43	1
1	4	23	24	34	39	47	1
1	2	7	8	22	34	47	1
1	5	13	18	32	34	39	1
1	14	20	22	26	35	44	1
1	2	4	6	21	27	42	1
1	4	15	25	31	33	47	1
1	6	8	24	37	45	48	1
1	14	23	25	30	33	35	1
1	3	6	7	14	27	43	1
1	16	21	25	35	37	40	1
1	7	14	16	34	46	48	1
1	1	10	19	24	37	41	1
1	3	15	16	20	26	34	1
1	8	11	16	20	27	44	1
1	3	11	16	23	47	49	1
1	1	3	29	35	37	47	1
1	7	9	17	18	26	35	1
1	4	21	23	33	34	36	1
1	7	15	16	18	31	44	1
1	2	11	19	34	42	44	1
1	12	16	20	27	41	42	1
1	15	18	27	44	46	47	1
1	6	12	15	24	36	49	1
1	2	15	21	42	47	49	1
1	14	15	16	31	32	39	1
1	11	12	29	33	43	46	1
1	12	15	16	25	29	37	1
1	2	10	20	26	35	48	1
1	9	16	21	27	40	44	1
1	2	5	24	25	36	46	1
1	2	11	16	23	29	45	1
1	6	17	24	26	31	32	1
1	11	16	22	25	34	37	1
1	1	21	24	27	30	37	1
1	2	4	12	30	35	46	1
1	2	18	22	30	31	33	1
1	1	15	22	38	42	45	1
1	3	5	6	11	20	44	1
1	13	16	40	41	47	48	1
1	4	28	38	39	43	45	1
1	2	8	29	32	40	47	1
1	14	16	18	29	31	35	1
1	18	25	27	28	40	46	1
1	15	26	29	34	46	47	1
1	9	10	11	21	28	37	1
1	27	31	33	34	39	46	1
1	1	27	29	34	42	48	1
1	5	7	10	20	37	38	1
1	9	11	15	21	32	42	1
1	5	16	19	25	46	48	1
1	3	9	32	38	40	47	1
1	1	5	21	36	44	45	1
1	1	9	16	17	38	42	1
1	6	8	10	18	22	45	1
1	1	27	34	40	41	44	1
1	16	18	21	23	34	38	1
1	3	12	18	22	31	36	1
1	4	7	11	35	40	41	1
1	4	10	19	32	39	41	1
1	6	8	15	17	20	23	1
1	8	16	29	32	40	46	1
1	10	17	24	34	37	41	1
1	5	20	22	25	36	48	1
1	3	15	40	41	43	47	1
1	1	15	31	32	37	42	1
1	3	12	15	18	21	33	1
1	4	19	26	32	44	46	1
1	5	13	14	18	37	40	1
1	10	24	28	33	38	46	1
1	4	17	29	38	39	45	1
1	3	8	40	46	47	48	1
1	1	8	26	32	43	49	1
1	2	11	22	23	32	40	1
1	10	26	31	36	39	46	1
1	1	4	20	28	44	47	1
1	17	29	32	41	42	43	1
1	14	18	26	39	41	49	1
1	1	4	13	16	30	31	1
1	10	14	21	31	34	49	1
1	4	17	19	30	41	44	1
1	19	23	27	28	35	49	1
1	3	8	28	32	36	48	1
1	1	15	16	26	29	37	1
1	11	13	17	20	45	49	1
1	8	11	15	31	32	33	1
1	15	23	35	38	46	47	1
1	4	22	23	28	29	36	1
1	3	4	6	15	35	40	1
1	3	7	21	24	29	48	1
1	4	8	10	16	22	41	1
1	21	22	28	36	41	49	1
1	4	9	10	11	28	30	1
1	14	18	23	25	28	30	1
1	3	4	6	13	14	48	1
1	8	9	17	28	33	36	1
1	16	20	25	32	33	42	1
1	4	14	15	23	40	49	1
1	1	3	5	14	27	44	1
1	3	24	25	38	39	44	1
1	7	18	27	30	39	40	1
1	9	16	17	24	35	41	1
1	3	4	7	8	16	34	1
1	6	16	26	30	32	43	1
1	10	17	18	37	39	43	1
1	1	13	19	32	33	38	1
1	18	36	40	43	45	49	1
1	1	7	11	12	29	39	1
1	13	26	33	45	46	49	1
1	4	8	9	24	43	47	1
1	15	22	30	35	37	49	1
1	1	5	25	30	31	48	1
1	20	29	33	39	41	48	1
1	2	9	11	31	37	40	1
1	12	25	37	41	42	48	1
1	12	13	18	22	32	33	1
1	16	29	30	39	43	44	1
1	1	17	26	37	39	49	1
1	1	13	17	18	45	48	1
1	17	20	31	38	39	49	1
1	8	13	22	23	26	47	1
1	16	17	23	28	32	45	1
1	7	19	29	38	43	45	1
1	8	27	29	36	37	39	1
1	3	8	12	23	30	43	1
1	3	12	19	35	47	49	1
1	2	4	23	36	44	49	1
1	5	18	21	25	44	47	1
1	5	29	30	33	41	49	1
1	4	7	8	12	42	43	1
1	8	18	33	37	40	42	1
1	10	11	12	24	25	36	1
1	5	14	23	27	36	37	1
1	10	18	27	28	42	48	1
1	7	10	15	20	27	29	1
1	3	4	16	18	25	43	1
1	8	10	26	34	42	44	1
1	11	13	14	24	40	48	1
1	4	10	18	19	37	40	1
1	1	26	36	42	44	46	1
1	1	16	19	35	39	40	1
1	10	28	31	34	39	47	1
1	3	8	29	31	43	48	1
1	27	30	31	33	38	42	1
1	9	12	19	35	36	44	1
1	6	10	21	30	36	49	1
1	10	19	24	31	39	47	1
1	6	12	18	24	32	35	1
1	9	17	19	28	40	46	1
1	18	21	30	39	40	49	1
1	1	2	7	11	34	43	1
1	5	14	18	24	42	49	1
1	17	33	38	39	46	49	1
1	1	12	20	23	31	49	1
1	2	5	9	23	38	43	1
1	1	14	27	37	39	42	1
1	12	14	17	21	23	29	1
1	2	6	20	34	39	44	1
1	4	5	6	13	24	31	1
1	3	7	15	19	31	34	1
1	2	13	28	40	41	43	1
1	2	5	28	31	42	45	1
1	2	20	24	34	43	49	1
1	15	19	28	32	35	42	1
1	2	6	22	27	34	37	1
1	3	8	16	22	27	44	1
1	5	9	15	21	27	47	1
1	3	5	14	30	35	40	1
1	2	18	24	25	27	30	1
1	8	22	28	31	32	38	1
1	6	10	26	39	41	47	1
1	26	32	33	35	38	44	1
1	6	13	19	22	25	27	1
1	8	10	25	31	43	47	1
1	8	9	15	22	25	31	1
1	1	8	13	28	31	44	1
1	9	13	19	23	34	40	1
1	12	14	20	33	38	43	1
1	1	4	31	33	36	39	1
1	2	7	10	14	23	42	1
1	1	3	20	22	30	44	1
1	5	28	29	32	43	45	1
1	7	15	17	29	40	47	1
1	11	24	35	45	46	48	1
1	5	32	34	40	45	47	1
1	6	19	33	35	43	44	1
1	5	8	16	32	34	43	1
1	17	20	23	27	36	47	1
1	6	31	34	37	39	48	1
1	6	20	22	27	32	41	1
1	2	5	13	23	35	45	1
1	4	16	17	18	22	44	1
1	10	27	30	33	36	48	1
1	2	4	15	24	28	41	1
1	8	9	10	18	30	39	1
1	3	7	18	21	41	44	1
1	2	4	6	11	42	44	1
1	6	20	35	42	47	49	1
1	3	12	14	29	31	33	1
1	7	23	27	29	44	49	1
1	1	7	9	21	46	47	1
1	2	13	27	29	35	38	1
1	8	12	16	20	21	44	1
1	2	3	8	24	32	48	1
1	13	16	17	19	35	45	1
1	1	24	32	36	48	49	1
1	3	7	23	28	31	49	1
1	16	31	40	42	45	49	1
1	4	6	15	32	34	35	1
1	13	15	24	28	41	46	1
1	1	18	19	31	45	49	1
1	4	5	24	25	36	39	1
1	22	33	38	39	44	49	1
1	2	18	23	35	37	42	1
1	4	20	33	47	48	49	1
1	1	14	15	30	37	49	1
1	4	17	22	28	30	47	1
1	8	16	22	31	32	39	1
1	6	23	24	26	33	36	1
1	4	15	19	20	36	48	1
1	3	10	20	30	44	49	1
1	23	31	34	45	47	48	1
1	1	8	17	20	32	44	1
1	3	25	28	29	35	47	1
1	1	13	14	45	46	48	1
1	4	14	28	32	33	44	1
1	11	17	20	31	33	35	1
1	14	21	34	40	44	47	1
1	6	9	14	16	19	28	1
1	10	25	29	31	39	49	1
1	7	9	11	24	31	49	1
1	3	7	19	23	26	35	1
1	1	4	11	16	23	33	1
1	6	19	22	28	32	38	1
1	8	10	11	27	31	43	1
1	6	9	11	17	20	27	1
1	1	30	36	37	38	40	1
1	2	18	31	33	35	37	1
1	2	6	14	28	44	47	1
1	4	11	27	31	36	49	1
1	11	18	23	33	47	49	1
1	8	15	22	36	41	42	1
1	13	21	30	37	43	46	1
1	1	8	14	19	27	31	1
1	7	10	15	18	19	23	1
1	6	17	30	34	41	48	1
1	6	8	15	32	44	49	1
1	9	17	18	32	34	42	1
1	1	9	25	34	35	42	1
1	2	10	37	40	42	44	1
1	18	25	29	32	34	44	1
1	5	13	19	27	41	45	1
1	10	28	30	37	40	44	1
1	5	7	26	28	32	37	1
1	6	8	10	37	42	46	1
1	3	17	18	28	34	49	1
1	4	16	19	23	34	41	1
1	2	20	23	25	27	46	1
1	7	9	13	26	28	34	1
1	4	9	23	25	30	35	1
1	18	19	22	36	41	42	1
1	10	18	24	32	44	47	1
1	12	22	25	32	38	40	1
1	6	14	17	19	28	30	1
1	4	13	16	32	35	40	1
1	1	18	20	26	31	39	1
1	1	12	34	42	44	45	1
1	2	10	16	27	38	47	1
1	14	26	29	33	35	37	1
1	10	12	17	33	36	40	1
1	6	13	24	30	32	33	1
1	18	23	24	25	31	32	1
1	1	5	21	29	37	42	1
1	6	10	18	26	27	41	1
1	2	4	13	16	17	40	1
1	3	5	15	16	17	31	1
1	1	2	7	14	41	49	1
1	10	13	18	28	31	42	1
1	1	8	15	25	31	41	1
1	12	13	19	20	39	42	1
1	14	20	25	33	35	48	1
1	9	15	21	34	45	46	1
1	1	5	6	9	22	44	1
1	8	12	34	38	43	46	1
1	5	13	19	26	37	38	1
1	3	14	21	28	30	45	1
1	13	22	24	34	37	44	1
1	3	4	13	21	22	46	1
1	9	12	13	32	34	35	1
1	6	7	18	27	32	39	1
1	5	9	15	17	29	35	1
1	4	12	14	32	44	45	1
1	11	20	25	30	34	38	1
1	1	14	27	42	46	49	1
1	13	15	18	37	42	49	1
1	18	22	39	40	43	47	1
1	3	7	15	17	41	43	1
1	4	6	11	17	27	44	1
1	1	13	21	31	36	48	1
1	3	6	7	19	27	32	1
1	1	16	20	21	25	33	1
1	5	20	26	39	45	46	1
1	7	9	10	40	44	48	1
1	2	7	12	15	18	48	1
1	1	4	26	27	35	45	1
1	1	17	20	37	42	44	1
1	1	24	28	40	46	49	1
1	20	26	29	33	40	45	1
1	4	21	24	32	34	47	1
1	1	14	28	36	47	49	1
1	14	16	20	22	34	42	1
1	4	17	26	33	43	49	1
1	9	17	28	36	44	46	1
1	9	16	18	25	37	47	1
1	2	20	27	29	41	43	1
1	17	20	34	39	41	49	1
1	6	7	18	21	24	32	1
1	5	7	19	24	37	41	1
1	2	14	37	42	44	48	1
1	5	8	25	42	43	45	1
1	20	24	32	36	41	43	1
1	10	16	31	42	47	49	1
1	2	9	22	25	47	49	1
1	1	7	15	18	27	40	1
1	4	11	17	20	25	49	1
1	3	5	10	36	42	45	1
1	7	26	28	34	38	47	1
1	11	12	26	27	29	34	1
1	2	14	40	41	43	46	1
1	5	6	21	22	31	33	1
1	2	5	33	35	47	49	1
1	12	18	22	33	35	44	1
1	3	22	27	46	48	49	1
1	15	24	36	41	42	46	1
1	19	21	24	29	46	48	1
1	1	5	6	10	33	49	1
1	1	10	11	15	22	29	1
1	7	8	11	16	41	47	1
1	11	12	28	30	39	48	1
1	15	21	24	27	42	47	1
1	11	14	25	28	44	47	1
1	17	18	21	22	23	45	1
1	13	16	21	26	35	46	1
1	1	23	26	37	43	49	1
1	10	16	32	35	36	42	1
1	3	13	28	31	40	44	1
1	1	3	14	33	37	49	1
1	4	9	22	27	42	45	1
1	2	11	30	34	38	44	1
1	11	17	28	35	38	40	1
1	7	17	34	38	45	46	1
1	5	31	33	34	36	38	1
1	2	19	20	26	32	37	1
1	6	23	25	31	39	41	1
1	7	10	31	37	46	49	1
1	13	25	38	40	42	47	1
1	6	13	31	35	38	40	1
1	11	24	39	41	43	45	1
1	9	22	24	27	36	46	1
1	1	4	8	27	34	40	1
1	27	29	30	33	44	45	1
1	12	20	22	28	36	43	1
1	2	5	11	27	31	43	1
1	2	3	7	22	38	48	1
1	7	15	16	26	29	47	1
1	5	19	21	34	43	49	1
1	3	22	23	31	33	47	1
1	5	7	20	26	31	36	1
1	3	4	13	25	29	41	1
1	4	8	9	39	40	46	1
1	7	11	17	28	38	42	1
1	1	3	30	36	42	43	1
1	2	9	16	22	34	40	1
1	8	13	25	30	38	39	1
1	7	10	37	45	46	47	1
1	12	24	35	42	45	47	1
1	13	14	19	20	29	47	1
1	22	27	32	37	42	47	1
1	5	7	12	17	26	47	1
1	9	17	21	28	29	30	1
1	2	8	11	25	45	47	1
1	11	14	15	25	38	42	1
1	13	15	16	24	38	40	1
1	5	17	27	31	33	48	1
1	10	12	18	39	43	49	1
1	9	27	28	36	37	46	1
1	2	16	28	39	41	46	1
1	10	16	26	34	37	43	1
1	2	8	13	23	27	44	1
1	13	22	26	40	46	49	1
1	11	23	29	30	44	49	1
1	1	6	21	27	43	49	1
1	17	19	20	31	40	44	1
1	13	19	41	44	46	48	1
1	2	7	12	17	19	23	1
1	14	20	25	43	44	46	1
1	1	10	16	25	43	48	1
1	4	10	17	20	24	39	1
1	7	12	37	38	40	46	1
1	17	18	21	37	38	39	1
1	14	23	29	35	39	47	1
1	9	22	30	39	42	45	1
1	7	8	10	20	31	49	1
1	8	9	17	22	43	45	1
1	4	5	7	18	33	42	1
1	6	9	12	33	34	48	1
1	17	20	36	40	43	47	1
1	17	18	32	34	39	46	1
1	10	14	34	37	40	49	1
1	1	6	8	30	32	44	1
1	9	13	14	33	39	40	1
1	6	14	15	19	26	28	1
1	1	9	14	20	43	48	1
1	3	16	18	24	31	44	1
1	3	10	14	16	17	39	1
1	1	11	16	27	32	49	1
1	19	30	32	39	42	49	1
1	5	10	19	29	35	42	1
1	21	26	29	31	46	47	1
1	4	16	24	28	35	46	1
1	6	10	20	30	31	39	1
1	3	5	13	14	31	40	1
1	12	21	28	34	38	39	1
1	3	5	14	26	34	41	1
1	10	17	22	26	34	45	1
1	1	19	21	23	24	46	1
1	5	9	23	27	28	39	1
1	21	26	29	33	35	43	1
1	20	27	34	39	42	47	1
1	2	3	13	26	36	38	1
1	16	19	25	32	38	47	1
1	7	25	28	37	44	48	1
1	2	14	19	20	26	49	1
1	7	9	21	25	26	46	1
1	2	5	9	17	22	38	1
1	11	22	24	37	39	49	1
1	17	33	34	37	41	47	1
1	5	7	10	15	24	29	1
1	18	23	29	38	41	44	1
1	8	28	30	31	32	35	1
1	1	13	17	23	30	40	1
1	5	10	16	20	29	42	1
1	12	15	17	28	38	43	1
1	9	11	21	28	29	37	1
1	3	5	23	24	34	47	1
1	6	7	23	30	38	45	1
1	4	16	18	28	31	38	1
1	10	11	17	29	38	47	1
1	4	6	18	33	42	44	1
1	6	7	12	37	45	48	1
1	16	17	23	28	43	49	1
1	8	13	22	34	43	45	1
1	4	5	15	18	25	41	1
1	21	22	29	31	42	47	1
1	2	5	6	8	32	46	1
1	13	17	22	28	31	41	1
1	7	14	17	22	30	47	1
1	1	8	18	19	29	33	1
1	3	4	9	29	38	47	1
1	4	10	19	24	41	45	1
1	1	3	7	23	28	42	1
1	16	24	26	27	39	45	1
1	10	15	22	25	27	40	1
1	6	19	25	39	44	47	1
1	9	18	22	26	32	36	1
1	14	19	20	27	40	45	1
1	10	21	35	36	42	44	1
1	8	12	25	30	43	49	1
1	16	25	30	38	46	48	1
1	6	30	31	32	35	47	1
1	5	10	27	29	35	45	1
1	16	18	20	26	37	38	1
1	16	26	30	33	43	49	1
1	2	23	28	32	33	47	1
1	8	18	20	26	29	37	1
1	7	8	13	25	38	44	1
1	11	18	26	33	47	49	1
1	11	13	26	28	36	41	1
1	14	20	32	35	40	41	1
1	3	9	17	24	39	43	1
1	4	8	30	39	40	45	1
1	20	24	35	36	40	45	1
1	8	10	17	26	37	41	1
1	3	5	10	12	13	40	1
1	6	11	15	25	40	46	1
1	6	10	32	37	40	48	1
1	7	10	23	26	27	32	1
1	3	9	24	26	33	47	1
1	2	8	9	20	23	43	1
1	10	11	22	28	30	33	1
1	7	15	19	32	33	34	1
1	9	30	31	33	37	43	1
1	7	12	14	16	35	39	1
1	4	23	25	36	38	43	1
1	2	7	11	15	42	49	1
1	6	7	19	27	37	45	1
1	23	25	28	30	32	49	1
1	13	15	18	21	38	44	1
1	9	15	17	31	33	34	1
1	4	8	9	41	45	47	1
1	23	27	33	46	47	49	1
1	1	3	6	22	25	39	1
1	1	5	6	15	20	22	1
1	1	5	18	34	35	37	1
1	2	9	19	24	32	41	1
1	5	12	21	32	46	47	1
1	4	5	27	38	43	45	1
1	1	2	7	9	21	42	1
1	10	17	23	29	30	43	1
1	1	3	24	27	43	45	1
1	31	36	40	43	48	49	1
1	1	18	36	40	44	47	1
1	5	8	17	32	43	44	1
1	17	34	39	41	43	47	1
1	4	8	10	13	29	43	1
1	12	25	36	37	40	42	1
1	13	21	27	46	47	48	1
1	7	24	32	33	34	35	1
1	2	3	18	30	34	40	1
1	6	15	35	42	47	48	1
1	5	17	25	26	41	42	1
1	7	13	17	19	23	39	1
1	7	9	17	21	39	49	1
1	4	6	20	26	31	33	1
1	7	11	13	36	43	44	1
1	15	38	43	45	48	49	1
1	1	3	4	23	36	38	1
1	14	15	24	36	45	46	1
1	6	12	23	30	34	43	1
1	5	6	33	41	44	49	1
1	19	21	32	35	38	47	1
1	17	18	20	29	31	43	1
1	17	19	28	35	36	42	1
1	19	21	22	23	37	45	1
1	2	11	25	34	46	49	1
1	22	32	35	39	44	46	1
1	4	7	16	21	47	48	1
1	11	14	38	43	44	46	1
1	7	16	20	28	32	41	1
1	7	8	23	26	46	48	1
1	1	11	20	23	28	32	1
1	8	17	25	26	45	46	1
1	12	30	40	46	47	49	1
1	6	12	18	19	31	47	1
1	1	3	7	8	35	44	1
1	26	30	32	34	40	47	1
1	2	8	12	15	39	49	1
1	5	16	17	18	31	38	1
1	3	16	18	21	25	48	1
1	9	15	22	38	41	45	1
1	7	9	10	17	38	44	1
1	1	12	20	25	29	43	1
1	16	18	27	28	29	31	1
1	14	15	26	34	35	42	1
1	9	12	21	22	35	44	1
1	7	18	21	26	34	36	1
1	1	7	28	31	40	44	1
1	2	14	16	25	30	33	1
1	2	12	24	26	38	42	1
1	4	12	13	14	27	28	1
1	12	22	29	32	33	36	1
1	4	6	15	38	41	48	1
1	2	5	24	25	31	35	1
1	16	18	26	27	29	34	1
1	29	34	35	39	40	43	1
1	6	7	8	10	26	38	1
1	7	12	19	22	32	48	1
1	2	26	31	33	38	40	1
1	5	9	22	33	34	48	1
1	1	24	26	28	29	32	1
1	7	15	28	29	33	41	1
1	4	5	6	13	22	40	1
1	14	17	21	25	27	39	1
1	14	21	25	28	36	37	1
1	19	20	25	27	31	38	1
1	1	2	15	26	39	49	1
1	21	23	31	34	38	44	1
1	2	16	18	25	27	45	1
1	11	30	32	34	42	44	1
1	2	12	19	21	35	49	1
1	9	32	34	36	43	49	1
1	9	15	16	33	35	41	1
1	3	19	29	31	34	42	1
1	20	21	32	39	42	43	1
1	9	12	17	25	30	35	1
1	9	11	32	34	35	48	1
1	7	18	21	26	31	37	1
1	19	29	30	31	32	36	1
1	13	23	29	39	46	47	1
1	7	8	24	39	40	46	1
1	1	2	3	4	13	48	1
1	13	15	18	23	26	46	1
1	5	21	30	33	36	41	1
1	8	13	23	31	39	41	1
1	16	20	22	31	40	43	1
1	3	8	12	19	42	44	1
1	5	6	7	14	16	46	1
1	6	7	21	28	38	39	1
1	1	2	12	20	21	47	1
1	15	27	30	31	34	43	1
1	3	4	20	22	33	46	1
1	16	21	25	26	38	47	1
1	9	10	21	28	30	41	1
1	6	14	23	29	44	48	1
1	4	13	26	35	41	46	1
1	3	9	18	32	41	47	1
1	1	15	32	35	38	49	1
1	11	14	16	17	29	41	1
1	5	10	31	35	37	41	1
1	1	3	14	17	38	40	1
1	1	4	30	40	42	48	1
1	4	12	31	41	43	49	1
1	19	21	34	36	47	49	1
1	16	17	20	21	29	35	1
1	14	35	40	43	46	47	1
1	11	15	16	22	27	34	1
1	8	17	25	26	38	42	1
1	8	12	22	39	40	44	1
1	3	12	35	42	43	45	1
1	2	13	15	24	33	35	1
1	7	18	26	35	38	48	1
1	11	22	25	33	42	49	1
1	3	11	13	15	20	39	1
1	22	28	29	30	36	47	1
1	12	14	19	26	40	42	1
1	8	9	14	38	42	49	1
1	12	19	28	31	41	47	1
1	2	6	7	8	30	37	1
1	3	7	11	29	45	48	1
1	5	6	7	12	35	39	1
1	18	28	29	30	46	49	1
1	10	19	20	35	38	43	1
1	2	16	22	24	27	45	1
1	3	21	23	41	43	46	1
1	1	5	10	16	44	45	1
1	15	18	29	30	37	47	1
1	2	11	32	33	48	49	1
1	8	9	13	27	28	38	1
1	7	14	32	36	39	44	1
1	11	13	16	17	19	20	1
1	11	23	30	31	34	46	1
1	7	15	19	28	29	30	1
1	3	16	20	22	37	39	1
1	6	14	18	21	34	35	1
1	3	11	16	23	24	26	1
1	16	31	38	39	41	42	1
1	11	12	18	20	36	43	1
1	12	21	25	34	45	48	1
1	7	15	31	41	46	47	1
1	1	6	13	14	19	34	1
1	1	24	28	34	44	47	1
1	19	29	33	34	39	41	1
1	13	19	29	31	32	48	1
1	12	16	17	20	34	39	1
1	4	12	16	22	32	40	1
1	12	14	32	40	43	49	1
1	4	5	8	10	32	39	1
1	1	8	16	18	19	38	1
1	22	24	28	33	38	46	1
1	1	2	14	25	29	46	1
1	3	6	9	39	46	47	1
1	1	7	18	19	27	41	1
1	5	12	15	26	36	46	1
1	6	11	13	21	27	41	1
1	9	15	25	27	28	41	1
1	7	14	26	28	30	42	1
1	6	20	24	29	32	42	1
1	1	2	8	12	41	45	1
1	8	28	30	37	41	43	1
1	32	36	43	44	45	47	1
1	11	18	20	25	35	39	1
1	12	21	23	31	33	45	1
1	4	6	17	31	34	49	1
1	8	20	30	38	41	43	1
1	4	7	11	18	46	47	1
1	4	18	39	40	42	43	1
1	3	13	16	18	19	46	1
1	1	3	8	27	39	48	1
1	9	20	24	38	44	48	1
1	3	6	22	31	35	43	1
1	3	25	29	37	44	45	1
1	10	12	22	27	31	32	1
1	5	6	9	39	43	47	1
1	12	17	33	34	40	48	1
1	1	3	19	32	37	47	1
1	17	23	32	33	40	47	1
1	18	27	28	34	38	45	1
1	1	3	13	21	32	45	1
1	3	8	12	20	26	39	1
1	5	17	31	34	36	38	1
1	5	24	38	40	44	48	1
1	16	17	23	35	39	45	1
1	12	18	27	29	31	43	1
1	8	10	32	36	37	44	1
1	23	27	31	39	41	42	1
1	13	30	37	39	42	44	1
1	16	24	25	27	29	40	1
1	2	4	14	32	39	43	1
1	1	6	16	38	41	48	1
1	15	23	27	31	41	42	1
1	2	4	8	9	22	34	1
1	4	14	20	21	29	36	1
1	5	18	19	26	30	40	1
1	4	9	17	31	33	38	1
1	2	6	15	26	36	40	1
1	9	16	26	30	32	36	1
1	20	22	37	42	43	46	1
1	17	18	20	39	40	41	1
1	16	19	20	25	35	42	1
1	12	19	21	28	30	39	1
1	2	18	31	33	43	47	1
1	1	21	23	25	29	44	1
1	4	21	23	29	33	40	1
1	3	7	12	16	30	31	1
1	4	9	12	27	28	48	1
1	4	5	21	24	36	38	1
1	11	12	27	29	31	38	1
1	10	26	27	35	41	46	1
1	11	19	20	36	38	47	1
1	7	18	25	34	39	47	1
1	23	26	29	41	42	46	1
1	2	8	10	12	23	44	1
1	4	23	24	34	41	48	1
1	4	7	20	32	45	48	1
1	11	17	22	30	40	41	1
1	3	22	31	32	33	39	1
1	2	7	8	15	21	40	1
1	5	13	22	23	28	38	1
1	13	15	23	26	32	33	1
1	7	8	13	16	17	36	1
1	6	27	33	41	47	48	1
1	5	6	12	13	34	45	1
1	8	28	30	33	37	46	1
1	12	15	25	34	37	49	1
1	1	19	22	23	24	34	1
1	11	14	16	19	44	46	1
1	1	4	15	27	32	45	1
1	25	29	30	32	33	42	1
1	7	9	19	28	34	45	1
1	9	15	32	37	42	46	1
1	11	25	28	29	33	43	1
1	5	22	25	27	30	44	1
1	4	9	17	26	32	37	1
1	1	7	13	24	40	46	1
1	2	6	15	29	31	37	1
1	5	11	25	29	38	39	1
1	2	12	19	21	24	43	1
1	1	4	22	23	34	35	1
1	10	24	26	30	40	47	1
1	11	15	27	30	46	49	1
1	4	14	17	20	21	33	1
1	4	13	30	37	41	46	1
1	13	14	27	31	38	40	1
1	5	8	37	42	47	48	1
1	9	10	30	31	37	44	1
1	1	2	13	17	31	41	1
1	17	19	20	21	35	41	1
1	2	12	27	36	39	41	1
1	7	22	25	39	45	48	1
1	10	14	21	36	37	38	1
1	5	7	11	31	35	46	1
1	1	11	26	28	30	31	1
1	5	10	14	35	43	47	1
1	2	10	25	38	41	42	1
1	10	13	14	34	36	42	1
1	1	15	24	36	37	43	1
1	22	24	37	38	46	49	1
1	12	13	15	37	38	42	1
1	5	8	32	33	47	49	1
1	11	13	20	29	34	49	1
1	13	15	23	28	46	49	1
1	8	31	33	34	45	46	1
1	5	17	20	27	28	31	1
1	4	9	30	31	45	49	1
1	9	16	22	27	38	48	1
1	9	10	18	21	25	47	1
1	10	20	26	35	42	43	1
1	8	12	18	24	30	44	1
1	11	24	40	42	44	45	1
1	4	11	17	28	30	32	1
1	9	11	22	27	37	42	1
1	2	5	7	9	21	24	1
1	2	3	17	38	40	42	1
1	8	22	29	42	46	48	1
1	1	4	8	30	31	33	1
1	4	10	25	33	36	46	1
1	5	22	27	35	38	47	1
1	11	16	35	37	46	49	1
1	12	13	16	29	44	45	1
1	13	17	33	39	42	46	1
1	18	21	24	31	35	39	1
1	10	13	31	32	39	46	1
1	2	20	22	23	24	31	1
1	2	3	31	36	46	48	1
1	8	10	31	34	40	41	1
1	9	14	21	26	27	35	1
1	10	13	14	34	39	48	1
1	12	24	28	34	35	42	1
1	30	34	37	38	40	49	1
1	17	30	33	42	45	48	1
1	6	8	12	44	46	47	1
1	21	27	28	32	38	42	1
1	10	17	19	31	35	48	1
1	4	11	16	26	28	38	1
1	3	8	12	26	29	42	1
1	10	21	22	35	42	45	1
1	13	16	18	27	28	41	1
1	3	8	11	12	21	48	1
1	1	12	14	34	39	48	1
1	8	9	16	18	22	37	1
1	18	21	23	24	28	41	1
1	14	18	26	31	34	40	1
1	7	9	19	25	42	44	1
1	1	7	14	18	26	33	1
1	1	14	19	34	42	49	1
1	1	2	34	35	45	47	1
1	2	3	13	27	30	49	1
1	3	7	8	21	27	37	1
1	15	20	36	37	48	49	1
1	4	20	31	35	43	46	1
1	23	24	25	29	34	48	1
1	8	11	14	18	25	43	1
1	1	19	24	26	31	32	1
1	7	12	13	19	20	27	1
1	10	15	17	20	22	37	1
1	9	19	31	32	38	40	1
1	6	7	9	17	19	44	1
1	10	11	32	36	45	46	1
1	4	9	18	22	34	42	1
1	6	9	14	29	38	46	1
1	18	19	20	23	30	42	1
1	11	13	18	33	39	41	1
1	19	25	26	41	44	45	1
1	6	7	16	22	37	38	1
1	6	19	20	31	43	48	1
1	21	28	35	40	45	47	1
1	23	29	33	34	38	42	1
1	6	14	23	27	38	40	1
1	5	7	9	10	13	49	1
1	9	13	14	31	45	46	1
1	12	32	41	42	46	49	1
1	2	14	31	36	44	49	1
1	7	15	31	36	38	39	1
1	9	15	27	33	36	39	1
1	8	12	30	33	34	44	1
1	11	23	30	39	40	41	1
1	16	17	26	30	40	43	1
1	1	10	18	19	27	42	1
1	10	21	22	27	28	43	1
1	10	12	30	32	34	38	1
1	21	22	24	31	33	34	1
1	5	7	11	30	43	49	1
1	3	5	10	28	41	47	1
1	15	25	30	33	45	46	1
1	3	8	15	18	26	34	1
1	6	9	13	23	26	41	1
1	7	8	31	35	37	41	1
1	2	7	8	20	28	34	1
1	10	32	35	37	39	47	1
1	2	22	25	26	32	46	1
1	16	18	21	22	27	47	1
1	6	17	23	28	35	47	1
1	6	15	28	38	43	47	1
1	6	19	27	33	43	47	1
1	15	16	19	30	35	39	1
1	6	9	13	31	35	47	1
1	1	19	20	36	46	49	1
1	6	10	12	39	41	49	1
1	9	13	24	28	30	44	1
1	10	31	32	35	38	46	1
1	1	8	22	34	38	43	1
1	5	8	24	32	47	48	1
1	3	9	16	19	32	47	1
1	17	18	34	41	43	48	1
1	2	4	6	26	27	44	1
1	18	20	21	30	34	46	1
1	6	15	23	24	34	42	1
1	4	8	36	41	45	46	1
1	16	17	19	32	35	42	1
1	2	6	8	17	25	40	1
1	3	4	11	12	28	31	1
1	5	19	30	33	36	39	1
1	3	17	19	21	27	46	1
1	1	3	8	11	22	30	1
1	5	16	17	32	45	48	1
1	3	7	13	17	32	48	1
1	12	15	19	25	26	32	1
1	1	9	23	34	37	43	1
1	1	3	7	27	34	41	1
1	5	12	24	29	38	41	1
1	2	5	9	14	44	46	1
1	18	19	29	31	35	43	1
1	17	25	27	30	32	36	1
1	19	33	34	35	40	41	1
1	13	14	28	33	34	48	1
1	6	10	23	40	46	49	1
1	9	14	26	32	33	48	1
1	5	6	14	32	44	45	1
1	1	4	5	9	27	42	1
1	4	13	15	19	30	46	1
1	3	30	31	33	34	41	1
1	7	9	20	26	32	38	1
1	5	17	24	25	28	49	1
1	7	18	20	27	42	48	1
1	13	32	35	38	40	44	1
1	5	11	17	25	34	49	1
1	6	11	17	26	27	47	1
1	9	12	27	30	36	37	1
1	16	18	29	31	41	47	1
1	8	13	16	37	39	46	1
1	2	11	23	33	43	46	1
1	13	21	27	30	38	43	1
1	3	7	17	21	32	46	1
1	16	18	20	30	32	42	1
1	19	20	28	30	31	43	1
1	7	24	36	40	46	48	1
1	4	7	13	20	27	30	1
1	1	16	23	32	35	45	1
1	20	21	27	36	37	47	1
1	4	12	28	31	45	46	1
1	7	18	21	23	32	46	1
1	2	6	12	18	38	42	1
1	2	3	13	16	22	48	1
1	7	10	30	36	38	49	1
1	8	13	17	18	27	32	1
1	3	5	21	32	43	46	1
1	12	17	19	22	42	48	1
1	12	13	18	19	36	48	1
1	19	29	37	41	45	48	1
1	12	17	23	32	44	49	1
1	1	9	18	33	36	48	1
1	9	17	29	38	39	42	1
1	3	4	8	15	30	31	1
1	4	25	33	35	40	45	1
1	3	5	12	38	41	44	1
1	8	19	27	34	36	45	1
1	2	20	22	30	33	43	1
1	20	30	40	41	43	44	1
1	2	6	18	28	32	44	1
1	6	9	21	31	40	42	1
1	12	26	27	34	41	43	1
1	16	21	22	26	35	49	1
1	5	12	34	35	37	49	1
1	3	5	8	9	37	38	1
1	14	22	26	38	42	43	1
1	9	19	21	23	31	49	1
1	5	12	22	26	29	31	1
1	8	14	15	21	48	49	1
1	7	15	20	23	40	49	1
1	4	7	21	36	39	40	1
1	4	11	12	14	27	30	1
1	4	6	8	22	23	25	1
1	8	18	26	30	39	49	1
1	7	15	23	27	30	49	1
1	1	10	16	24	39	48	1
1	2	5	9	18	34	41	1
1	1	12	27	28	41	44	1
1	3	5	11	19	29	40	1
1	1	9	27	33	37	41	1
1	6	19	28	35	38	42	1
1	1	3	5	16	20	26	1
1	8	13	26	28	34	37	1
1	4	9	13	22	24	30	1
1	17	31	36	38	45	49	1
1	28	32	34	41	45	48	1
1	13	24	27	31	46	48	1
1	9	13	20	30	34	36	1
1	4	7	15	34	37	41	1
1	8	34	38	43	46	47	1
1	8	13	24	28	32	41	1
1	1	3	7	25	33	34	1
1	2	3	24	25	43	45	1
1	2	9	17	25	30	40	1
1	4	7	10	13	39	46	1
1	3	8	13	21	32	49	1
1	12	17	19	23	24	40	1
1	3	6	10	15	42	47	1
1	9	15	26	40	43	48	1
1	20	21	30	39	41	47	1
1	4	22	25	44	46	48	1
1	23	30	35	44	46	48	1
1	5	7	21	34	38	45	1
1	11	16	18	27	42	43	1
1	3	15	21	30	34	47	1
1	1	15	20	34	36	39	1
1	1	16	17	30	44	49	1
1	11	12	13	14	39	47	1
1	10	23	38	42	44	49	1
1	30	32	39	40	42	44	1
1	27	38	39	43	44	49	1
1	4	20	23	26	32	46	1
1	13	18	21	31	38	44	1
1	12	14	16	41	45	48	1
1	16	39	40	44	48	49	1
1	1	12	18	23	47	49	1
1	11	12	20	21	39	45	1
1	3	9	29	31	44	49	1
1	2	3	9	16	27	43	1
1	19	20	38	39	44	45	1
1	5	15	40	41	45	49	1
1	1	14	20	25	27	31	1
1	7	20	23	27	38	41	1
1	23	32	34	37	42	43	1
1	3	28	36	37	43	47	1
1	8	15	23	39	40	45	1
1	8	9	14	27	40	49	1
1	16	18	19	23	32	33	1
1	7	13	21	22	33	38	1
1	11	20	21	26	39	43	1
1	1	2	10	24	29	39	1
1	1	8	10	15	40	41	1
1	3	5	8	37	38	46	1
1	8	12	19	25	27	40	1
1	21	26	27	34	40	48	1
1	4	13	21	23	37	38	1
1	5	12	31	33	39	49	1
1	2	21	25	30	35	41	1
1	4	14	15	19	23	38	1
1	2	8	12	24	34	39	1
1	1	19	24	33	44	45	1
1	18	25	26	31	34	42	1
1	12	28	32	43	47	48	1
1	7	13	24	39	41	49	1
1	1	5	8	14	38	45	1
1	1	14	17	24	41	42	1
1	11	14	15	21	30	32	1
1	12	14	20	21	39	43	1
1	1	15	27	29	35	47	1
1	13	26	30	38	43	46	1
1	2	3	13	17	23	42	1
1	7	21	32	33	38	42	1
1	20	30	32	39	41	42	1
1	7	18	21	29	36	37	1
1	5	22	30	31	37	38	1
1	15	16	19	27	31	39	1
1	8	20	38	40	42	44	1
1	6	13	14	15	20	42	1
1	5	13	19	31	40	43	1
1	4	5	10	21	24	44	1
1	1	8	9	14	37	45	1
1	14	19	21	25	34	48	1
1	10	16	17	23	36	48	1
1	4	7	36	39	47	48	1
1	7	21	25	31	42	47	1
1	2	7	9	31	44	46	1
1	2	12	21	34	41	43	1
1	4	8	23	26	30	46	1
1	3	5	6	8	14	48	1
1	4	9	21	26	48	49	1
1	4	13	21	23	30	40	1
1	9	17	29	32	41	42	1
1	2	6	27	35	41	42	1
1	1	3	6	11	27	47	1
1	14	15	32	38	40	46	1
1	7	8	12	18	23	36	1
1	9	12	23	33	41	47	1
1	13	17	27	31	40	42	1
1	8	21	22	31	33	45	1
1	1	23	25	26	33	44	1
1	23	28	33	38	47	49	1
1	19	24	30	35	37	44	1
1	4	13	17	28	44	47	1
1	2	8	13	16	26	31	1
1	8	10	18	31	41	48	1
1	6	14	16	27	30	43	1
1	6	27	30	31	34	47	1
1	1	8	19	27	32	39	1
1	4	8	23	35	40	46	1
1	4	5	7	8	16	39	1
1	20	21	25	31	43	45	1
1	8	13	25	30	43	45	1
1	6	9	16	27	46	48	1
1	9	21	25	27	40	42	1
1	1	3	7	13	39	46	1
1	5	6	21	26	42	48	1
1	11	24	28	40	46	47	1
1	3	20	22	30	44	45	1
1	13	31	32	40	45	48	1
1	12	16	25	26	28	41	1
1	5	21	29	31	45	49	1
1	12	16	20	22	26	38	1
1	4	15	20	27	41	45	1
1	4	27	32	38	40	45	1
1	9	20	27	34	38	46	1
1	1	3	12	14	17	46	1
1	2	3	15	19	44	45	1
1	11	14	15	16	28	42	1
1	11	15	27	39	43	44	1
1	9	14	19	28	37	46	1
1	4	14	18	35	36	48	1
1	22	28	36	42	46	49	1
1	3	14	19	26	35	45	1
1	2	16	20	36	45	47	1
1	2	8	16	31	34	36	1
1	8	20	23	25	36	43	1
1	3	5	6	20	29	33	1
1	5	15	17	32	41	45	1
1	11	21	25	27	28	37	1
1	3	12	21	24	37	45	1
1	13	23	26	27	30	44	1
1	2	3	19	32	36	47	1
1	3	8	13	30	37	47	1
1	1	2	16	19	20	38	1
1	1	4	10	22	27	42	1
1	20	21	22	34	36	43	1
1	7	16	18	25	32	33	1
1	5	25	33	37	39	43	1
1	17	21	25	26	33	48	1
1	3	8	10	23	31	47	1
1	3	10	19	27	32	33	1
1	17	25	29	30	34	40	1
1	2	3	11	14	27	30	1
1	4	31	32	35	37	48	1
1	12	16	20	23	36	47	1
1	6	15	16	36	39	46	1
1	4	5	25	37	39	44	1
1	4	12	36	44	45	47	1
1	14	19	22	24	35	47	1
1	4	5	10	20	23	47	1
1	1	7	14	16	32	41	1
1	1	6	8	10	14	49	1
1	1	2	5	11	17	19	1
1	7	15	25	32	44	48	1
1	3	4	6	20	31	35	1
1	6	14	25	30	31	36	1
1	28	29	36	39	45	46	1
1	12	13	16	34	44	49	1
1	16	19	22	34	37	40	1
1	13	14	18	23	24	27	1
1	13	23	27	39	41	49	1
1	7	12	20	35	36	38	1
1	6	11	20	24	38	42	1
1	15	23	39	40	44	46	1
1	9	11	32	38	39	40	1
1	10	12	34	37	39	41	1
1	2	10	23	31	39	49	1
1	1	3	16	29	31	46	1
1	23	26	29	31	33	42	1
1	2	3	11	15	34	47	1
1	2	3	14	17	25	49	1
1	17	23	24	39	45	49	1
1	10	13	16	21	26	35	1
1	5	11	14	19	27	29	1
1	1	11	22	28	30	43	1
1	1	20	23	31	34	44	1
1	3	17	18	21	23	28	1
1	13	15	27	31	43	44	1
1	11	15	16	25	31	44	1
1	4	5	14	30	32	34	1
1	11	28	29	34	38	40	1
1	10	23	28	38	43	45	1
1	10	15	25	31	33	35	1
1	7	10	12	15	23	47	1
1	3	4	5	9	14	18	1
1	5	20	34	38	39	47	1
1	5	6	18	23	28	47	1
1	3	17	19	29	37	42	1
1	2	16	22	23	36	45	1
1	2	5	9	10	22	35	1
1	7	13	18	26	27	47	1
1	29	32	33	46	47	48	1
1	6	12	24	29	34	45	1
1	10	13	29	30	37	41	1
1	6	20	24	33	42	47	1
1	2	9	19	37	39	46	1
1	3	6	9	16	30	49	1
1	8	18	20	22	39	40	1
1	5	14	23	28	34	47	1
1	2	3	10	16	27	37	1
1	5	9	14	21	25	42	1
1	1	2	30	31	34	49	1
1	6	10	26	28	37	42	1
1	10	16	28	37	42	47	1
1	7	18	20	21	32	40	1
1	2	13	19	32	38	47	1
1	4	10	16	21	33	36	1
1	7	14	18	25	32	37	1
1	6	22	25	26	37	43	1
1	22	26	29	31	36	39	1
1	7	20	22	23	44	49	1
1	8	12	17	28	38	40	1
1	26	34	36	41	46	48	1
1	3	6	8	30	40	43	1
1	6	7	19	34	36	41	1
1	15	23	28	39	45	48	1
1	8	12	15	23	38	45	1
1	1	7	9	11	37	40	1
1	16	22	27	29	36	42	1
1	5	20	29	42	45	49	1
1	8	12	33	36	40	45	1
1	9	12	15	29	32	37	1
1	8	29	34	37	39	47	1
1	10	12	27	31	37	42	1
1	2	23	24	28	31	35	1
1	8	19	35	42	43	48	1
1	2	8	20	28	39	40	1
1	3	17	28	30	47	48	1
1	5	12	13	15	30	49	1
1	7	17	24	32	34	43	1
1	7	14	27	32	46	49	1
1	4	15	23	30	35	49	1
1	4	20	25	28	35	42	1
1	10	11	20	22	31	39	1
1	1	21	26	31	32	47	1
1	4	9	15	20	37	43	1
1	1	5	12	13	16	21	1
1	2	27	32	35	41	47	1
1	5	6	31	33	44	49	1
1	1	2	6	10	16	21	1
1	12	16	20	27	43	44	1
1	6	15	23	30	34	43	1
1	2	6	16	24	34	38	1
1	1	5	22	42	47	49	1
1	6	20	26	40	42	46	1
1	9	12	25	31	36	48	1
1	2	19	23	29	46	47	1
1	10	26	28	35	38	39	1
1	10	13	27	28	31	49	1
1	5	31	37	38	43	49	1
1	6	16	17	23	34	35	1
1	2	3	22	31	34	45	1
1	10	11	33	38	39	45	1
1	1	4	14	21	22	29	1
1	10	11	19	34	45	46	1
1	1	4	14	17	31	44	1
1	3	20	21	33	35	45	1
1	15	16	38	39	41	45	1
1	12	13	15	37	41	49	1
1	1	4	8	9	47	48	1
1	12	17	21	23	38	44	1
1	1	4	22	26	37	47	1
1	8	20	22	36	47	49	1
1	9	20	26	34	44	49	1
1	4	6	29	32	33	38	1
1	10	30	37	44	47	49	1
1	5	9	10	15	21	41	1
1	8	21	23	29	30	37	1
1	13	15	26	32	34	36	1
1	1	13	26	28	29	41	1
1	13	15	28	31	35	45	1
1	10	15	22	25	32	34	1
1	1	6	17	20	33	44	1
1	1	6	14	18	25	34	1
1	3	8	21	23	33	49	1
1	6	22	28	32	42	45	1
1	10	14	15	17	23	25	1
1	4	8	15	30	41	45	1
1	19	20	21	27	34	43	1
1	9	10	23	35	42	49	1
1	3	11	24	37	38	39	1
1	15	20	21	22	26	35	1
1	14	27	31	38	45	47	1
1	3	5	6	12	14	30	1
1	4	21	23	31	43	45	1
1	1	2	6	22	36	47	1
1	2	9	21	24	35	46	1
1	6	16	17	28	45	49	1
1	3	22	25	33	39	41	1
1	1	3	5	6	24	39	1
1	4	12	15	18	19	32	1
1	17	18	19	36	41	42	1
1	10	11	20	29	43	45	1
1	11	12	16	19	26	37	1
1	6	12	17	26	38	44	1
1	3	15	17	18	24	44	1
1	2	8	10	14	18	44	1
1	10	13	16	19	25	31	1
1	6	28	33	34	36	48	1
1	6	11	30	36	37	48	1
1	1	3	18	23	24	35	1
1	1	2	6	10	14	29	1
1	1	3	5	27	30	45	1
1	1	10	16	38	44	45	1
1	4	5	9	17	30	41	1
1	12	29	38	46	48	49	1
1	4	22	23	38	42	43	1
1	10	17	19	23	25	35	1
1	6	11	20	28	33	49	1
1	9	26	32	41	48	49	1
1	7	12	30	35	44	49	1
1	8	15	27	40	45	46	1
1	9	16	27	28	32	45	1
1	2	17	19	20	26	41	1
1	12	24	25	29	39	42	1
1	2	3	5	10	26	27	1
1	14	32	35	47	48	49	1
1	7	9	10	13	15	34	1
1	5	24	30	33	37	40	1
1	7	9	12	30	41	44	1
1	2	12	16	19	36	37	1
1	22	26	32	38	45	46	1
1	15	21	32	34	36	38	1
1	3	12	18	28	31	36	1
1	11	22	24	31	32	36	1
1	2	25	38	42	45	48	1
1	4	23	33	34	36	47	1
1	17	20	28	34	40	42	1
1	24	28	29	31	36	40	1
1	13	20	22	32	39	43	1
1	2	9	16	35	41	48	1
1	11	14	16	17	19	26	1
1	6	12	18	20	30	45	1
1	1	26	29	37	40	43	1
1	3	4	9	24	46	49	1
1	2	5	18	29	35	37	1
1	2	14	28	30	38	45	1
1	2	5	18	36	37	47	1
1	2	8	12	27	37	39	1
1	14	16	31	34	36	44	1
1	2	10	12	15	18	36	1
1	3	14	22	37	46	48	1
1	13	23	24	37	46	47	1
1	9	12	22	26	29	32	1
1	10	22	37	38	41	42	1
1	9	11	12	17	33	42	1
1	10	29	31	32	38	47	1
1	9	15	22	37	40	49	1
1	5	21	29	30	36	42	1
1	5	20	26	34	37	46	1
1	2	5	11	15	31	36	1
1	12	16	20	26	43	44	1
1	17	23	30	36	48	49	1
1	5	9	12	42	48	49	1
1	8	14	39	41	42	49	1
1	4	7	12	17	24	32	1
1	4	7	10	25	35	38	1
1	7	24	28	37	48	49	1
1	5	14	26	31	38	48	1
1	4	11	19	21	23	40	1
1	4	10	23	25	39	42	1
1	19	27	33	41	43	46	1
1	6	8	12	13	18	46	1
1	4	7	13	31	36	37	1
1	11	14	16	21	32	39	1
1	4	19	27	28	32	36	1
1	17	26	36	39	44	47	1
1	1	10	17	20	33	45	1
1	2	12	40	42	45	47	1
1	9	18	22	25	42	49	1
1	2	3	6	15	39	44	1
1	3	5	13	20	27	29	1
1	4	7	25	30	42	47	1
1	2	11	24	29	42	46	1
1	2	19	36	45	46	47	1
1	3	4	13	34	35	36	1
1	13	20	23	31	44	49	1
1	15	19	27	29	42	48	1
1	1	2	14	25	41	44	1
1	24	37	41	44	45	47	1
1	15	16	23	38	41	46	1
1	5	14	17	32	40	46	1
1	9	19	36	40	42	48	1
1	2	3	22	32	33	34	1
1	18	20	27	34	39	43	1
1	5	26	30	34	41	44	1
1	15	16	22	33	34	43	1
1	2	8	20	28	41	42	1
1	5	14	20	22	40	43	1
1	21	26	27	32	42	44	1
1	2	10	14	24	31	45	1
1	1	19	22	29	35	48	1
1	8	11	14	34	41	42	1
1	6	9	12	21	27	32	1
1	3	8	9	33	39	49	1
1	7	14	24	27	29	49	1
1	4	9	11	16	17	44	1
1	2	20	24	25	35	45	1
1	7	32	35	36	47	48	1
1	22	23	32	34	36	47	1
1	2	8	42	45	47	49	1
1	6	10	15	17	28	44	1
1	2	34	36	41	43	45	1
1	3	12	22	35	40	47	1
1	6	16	27	30	34	35	1
1	6	14	20	32	37	44	1
1	1	9	15	26	47	48	1
1	2	6	27	40	41	47	1
1	4	14	18	36	39	44	1
1	12	17	25	44	45	47	1
1	6	7	22	33	36	40	1
1	8	20	34	36	41	43	1
1	4	20	24	44	46	47	1
1	3	11	16	24	36	49	1
1	7	22	25	35	40	42	1
1	11	18	25	28	34	44	1
1	7	9	13	25	27	47	1
1	1	5	29	32	37	43	1
1	3	5	10	41	43	45	1
1	4	10	14	19	22	27	1
1	10	14	16	19	23	36	1
1	11	21	27	29	39	45	1
1	3	12	26	34	37	41	1
1	4	5	26	29	30	34	1
1	4	16	19	26	35	43	1
1	3	8	17	24	27	43	1
1	10	30	31	35	43	44	1
1	10	11	12	19	41	48	1
1	3	16	32	39	46	49	1
1	5	9	12	20	25	27	1
1	5	10	24	27	30	45	1
1	10	29	34	42	46	47	1
1	1	18	25	41	47	48	1
1	12	16	32	44	47	49	1
1	7	14	20	24	28	39	1
1	5	24	28	35	38	42	1
1	1	6	19	25	33	48	1
1	12	19	33	36	40	44	1
1	11	12	19	34	36	45	1
1	13	19	23	40	45	49	1
1	2	10	11	27	33	37	1
1	1	13	23	36	37	48	1
1	3	5	8	14	27	31	1
1	22	23	24	27	30	45	1
1	11	14	18	27	30	42	1
1	2	5	11	25	32	34	1
1	4	8	18	32	38	45	1
1	7	10	27	42	43	47	1
1	1	4	16	22	32	37	1
1	5	6	21	26	33	40	1
1	5	7	9	33	41	48	1
1	11	15	29	31	34	46	1
1	1	17	21	27	40	44	1
1	3	13	22	23	24	25	1
1	10	15	17	20	31	44	1
1	11	15	19	27	40	48	1
1	5	10	12	38	40	41	1
1	16	21	31	35	42	44	1
1	4	20	28	34	42	49	1
1	15	17	32	42	43	45	1
1	1	12	18	23	42	47	1
1	2	3	25	37	39	40	1
1	5	12	19	35	37	43	1
1	2	3	12	27	31	47	1
1	11	33	37	40	45	46	1
1	9	21	39	42	45	49	1
1	3	13	14	18	29	40	1
1	10	15	16	32	33	41	1
1	2	11	14	22	25	34	1
1	6	8	14	17	32	47	1
1	10	23	35	41	43	47	1
1	18	19	29	40	43	49	1
1	4	6	12	27	28	46	1
1	20	27	31	40	42	45	1
1	9	11	19	22	24	42	1
1	2	10	27	29	31	49	1
1	15	20	36	37	46	49	1
1	3	6	21	30	36	40	1
1	2	20	22	31	37	49	1
1	1	24	29	35	40	45	1
1	15	18	20	24	31	41	1
1	7	14	19	40	43	49	1
1	6	24	25	40	41	44	1
1	5	6	21	35	38	46	1
1	1	10	14	19	38	45	1
1	2	9	11	23	27	45	1
1	38	43	44	45	46	47	1
1	7	12	16	29	37	43	1
1	3	10	23	40	43	46	1
1	9	13	21	23	36	47	1
1	5	6	11	20	25	47	1
1	12	21	33	39	47	49	1
1	21	26	29	42	44	49	1
1	24	25	28	36	37	42	1
1	5	9	23	28	29	48	1
1	4	32	36	37	40	49	1
1	12	23	24	31	45	46	1
1	6	13	23	24	31	42	1
1	3	6	20	24	36	47	1
1	2	14	21	25	32	47	1
1	9	19	21	30	38	40	1
1	14	16	18	19	34	40	1
1	4	17	27	33	34	45	1
1	13	41	42	45	46	49	1
1	11	15	24	30	31	33	1
1	6	9	17	33	43	45	1
1	7	9	17	27	31	48	1
1	5	7	12	37	39	46	1
1	17	30	37	41	43	48	1
1	17	25	40	42	45	49	1
1	3	5	33	40	45	46	1
1	3	9	11	28	29	47	1
1	4	9	10	19	26	36	1
1	14	25	26	33	36	44	1
1	26	30	32	37	41	47	1
1	3	19	29	34	38	45	1
1	15	17	21	22	43	45	1
1	9	23	29	38	39	43	1
1	9	11	36	38	46	47	1
1	12	13	14	32	41	43	1
1	9	13	27	28	38	42	1
1	5	10	23	36	40	44	1
1	5	12	25	34	35	45	1
1	6	9	17	18	20	39	1
1	1	2	4	18	28	35	1
1	19	20	22	24	38	42	1
1	5	7	8	12	23	28	1
1	6	20	31	36	38	44	1
1	9	17	19	22	29	37	1
1	4	20	21	27	42	47	1
1	1	27	31	33	35	47	1
1	12	19	32	34	39	43	1
1	1	12	13	28	32	44	1
1	1	16	17	24	31	32	1
1	2	11	25	27	40	44	1
1	2	8	11	24	30	36	1
1	3	12	14	30	33	40	1
1	11	16	20	25	46	48	1
1	16	17	19	27	30	37	1
1	11	18	20	27	39	46	1
1	9	15	26	28	33	39	1
1	1	31	38	43	45	46	1
1	19	20	23	39	40	43	1
1	3	5	7	10	30	43	1
1	3	6	25	26	42	44	1
1	11	17	29	34	37	45	1
1	7	8	18	29	34	44	1
1	5	9	15	21	42	43	1
1	2	19	25	30	41	45	1
1	9	11	12	22	37	48	1
1	5	6	11	17	29	37	1
1	3	10	17	22	24	40	1
1	1	14	23	25	30	41	1
1	7	18	22	30	36	43	1
1	14	19	20	21	24	28	1
1	2	3	13	17	23	32	1
1	3	15	24	36	42	47	1
1	1	3	19	27	30	48	1
1	3	8	15	32	46	48	1
1	3	5	9	31	40	41	1
1	5	17	29	31	33	46	1
1	9	23	27	31	35	48	1
1	8	21	25	35	40	41	1
1	5	10	13	19	22	47	1
1	1	11	22	27	33	49	1
1	6	8	13	24	34	46	1
1	15	26	29	41	46	48	1
1	6	33	39	41	42	44	1
1	1	11	15	33	36	49	1
1	16	19	29	35	36	38	1
1	12	14	16	23	24	45	1
1	14	22	27	32	40	47	1
1	5	19	26	29	40	42	1
1	5	13	15	28	31	34	1
1	1	7	18	23	29	43	1
1	7	9	22	23	37	42	1
1	7	8	18	23	47	48	1
1	8	9	21	34	42	43	1
1	4	22	25	27	39	45	1
1	7	15	34	38	43	45	1
1	4	22	24	32	42	43	1
1	10	24	25	30	40	48	1
1	10	19	27	29	33	36	1
1	2	6	12	17	39	47	1
1	2	11	16	18	21	33	1
1	19	20	22	28	40	42	1
1	1	18	27	28	43	47	1
1	9	25	42	43	46	47	1
1	14	17	22	32	36	49	1
1	18	21	25	34	36	45	1
1	9	10	22	38	43	44	1
1	4	12	21	26	43	46	1
1	18	21	25	26	32	48	1
1	12	15	29	30	45	47	1
1	4	8	14	26	29	43	1
1	2	5	13	18	29	42	1
1	3	13	17	26	33	35	1
1	1	20	27	42	46	48	1
1	4	15	21	31	41	49	1
1	2	8	12	18	24	35	1
1	2	7	21	33	39	46	1
1	1	21	29	42	45	47	1
1	2	3	6	7	18	36	1
1	10	13	31	43	47	48	1
1	2	3	4	18	28	43	1
1	18	30	31	32	43	44	1
1	1	8	18	31	34	37	1
1	10	17	19	20	25	35	1
1	14	27	34	38	44	45	1
1	3	6	9	10	13	20	1
1	25	26	34	36	43	46	1
1	8	9	15	22	26	39	1
1	4	19	20	35	41	46	1
1	8	12	15	23	28	39	1
1	1	7	13	30	34	36	1
1	13	17	18	28	37	44	1
1	7	9	22	35	40	47	1
1	1	7	8	33	40	44	1
1	3	27	31	34	35	40	1
1	2	4	6	11	37	47	1
1	11	17	22	26	43	48	1
1	1	5	14	15	20	43	1
1	7	14	20	30	35	36	1
1	1	2	6	24	40	47	1
1	16	29	34	40	46	48	1
1	4	15	21	29	30	35	1
1	7	28	38	39	44	48	1
1	4	7	16	36	39	40	1
1	3	11	13	28	40	47	1
1	7	18	20	26	28	31	1
1	4	6	16	38	44	45	1
1	12	14	20	23	43	47	1
1	2	17	24	26	35	47	1
1	3	11	12	17	29	41	1
1	2	4	9	31	36	40	1
1	17	26	30	34	43	48	1
1	1	18	26	34	42	48	1
1	3	8	29	40	43	44	1
1	1	11	14	18	20	38	1
1	3	5	24	26	33	46	1
1	15	27	35	38	44	46	1
1	19	35	36	39	44	48	1
1	18	20	27	32	34	36	1
1	7	22	35	36	41	49	1
1	3	8	12	36	40	47	1
1	1	6	25	31	33	43	1
1	15	23	38	39	44	49	1
1	1	10	30	37	44	49	1
1	9	33	36	40	46	47	1
1	1	4	14	20	41	44	1
1	13	15	24	34	42	47	1
1	4	8	9	26	34	43	1
1	12	28	31	34	36	42	1
1	2	6	8	15	24	44	1
1	7	8	12	37	46	48	1
1	1	2	9	15	20	38	1
1	2	12	19	38	43	48	1
1	3	4	15	18	34	47	1
1	20	29	38	39	42	46	1
1	5	10	34	35	36	45	1
1	12	15	18	23	24	46	1
1	2	10	20	25	44	48	1
1	8	22	41	43	48	49	1
1	25	27	28	36	37	40	1
1	10	21	23	28	31	39	1
1	1	5	7	10	26	49	1
1	19	27	29	30	40	45	1
1	3	10	16	36	39	46	1
1	9	26	28	30	37	41	1
1	2	4	8	15	22	49	1
1	1	5	13	22	28	43	1
1	9	11	27	33	40	42	1
1	4	14	24	27	30	40	1
1	2	16	21	22	28	47	1
1	13	16	18	27	43	45	1
1	11	28	33	37	40	46	1
1	14	20	22	41	43	49	1
1	4	7	13	25	37	45	1
1	2	7	21	43	44	46	1
1	2	11	20	29	30	48	1
1	6	7	10	11	14	47	1
1	2	8	10	14	31	39	1
1	3	4	8	12	24	28	1
1	2	8	12	15	28	49	1
1	6	16	23	31	34	39	1
1	4	14	39	42	46	48	1
1	3	19	29	34	35	36	1
1	2	24	33	34	36	37	1
1	5	16	17	31	38	45	1
1	1	14	16	18	38	49	1
1	12	13	16	20	24	26	1
1	12	21	23	26	34	47	1
1	6	18	23	24	28	46	1
1	2	14	23	36	46	47	1
1	10	14	20	28	32	40	1
1	7	11	24	29	32	36	1
1	5	6	14	29	33	47	1
1	5	6	13	22	29	46	1
1	4	8	11	21	27	48	1
1	2	8	19	31	43	48	1
1	12	13	30	31	44	49	1
1	6	7	16	25	40	48	1
1	20	24	26	27	33	41	1
1	21	29	32	38	40	42	1
1	7	10	15	19	24	29	1
1	7	9	11	26	35	48	1
1	1	2	12	30	37	43	1
1	1	3	4	11	34	40	1
1	1	14	26	30	33	38	1
1	5	8	13	37	40	43	1
1	7	19	21	30	36	44	1
1	10	11	26	34	40	44	1
1	26	29	35	45	48	49	1
1	1	17	19	22	36	44	1
1	12	14	15	27	28	39	1
1	2	5	32	34	38	49	1
1	5	13	21	30	37	46	1
1	1	2	12	16	28	41	1
1	5	9	26	28	32	41	1
1	15	17	25	36	38	45	1
1	4	6	11	25	30	44	1
1	18	22	26	29	35	37	1
1	9	14	17	32	39	49	1
1	1	6	29	34	41	46	1
1	1	5	29	43	44	48	1
1	7	9	33	35	45	47	1
1	15	23	24	28	30	41	1
1	8	23	29	34	40	47	1
1	3	11	12	25	32	38	1
1	3	24	27	29	32	45	1
1	2	6	17	34	46	48	1
1	1	5	18	19	24	28	1
1	5	17	22	34	40	47	1
1	6	8	19	27	45	46	1
1	8	20	22	24	33	44	1
1	16	18	21	22	32	33	1
1	7	15	29	33	40	45	1
1	2	20	30	43	44	47	1
1	5	24	31	37	38	47	1
1	4	6	7	18	46	47	1
1	5	7	18	30	37	46	1
1	1	25	32	33	34	35	1
1	15	21	31	36	44	49	1
1	8	10	15	16	31	46	1
1	5	7	9	25	28	48	1
1	8	18	21	26	42	48	1
1	4	12	40	43	48	49	1
1	6	9	14	29	34	45	1
1	3	17	20	30	32	35	1
1	6	7	19	29	43	47	1
1	5	12	31	35	37	46	1
1	4	20	28	33	43	48	1
1	5	13	15	20	24	42	1
1	7	32	37	38	44	45	1
1	11	17	29	39	41	48	1
1	3	7	16	26	38	47	1
1	6	12	15	25	31	47	1
1	6	16	20	29	33	45	1
1	14	18	22	23	31	45	1
1	18	19	29	33	40	47	1
1	17	20	23	30	40	47	1
1	3	9	24	37	46	49	1
1	7	8	21	22	27	29	1
1	1	11	29	30	42	44	1
1	12	22	25	34	39	40	1
1	10	14	15	27	41	47	1
1	7	9	19	20	25	44	1
1	5	8	12	14	25	37	1
1	4	15	26	37	41	45	1
1	4	6	9	13	46	48	1
1	4	8	13	21	29	35	1
1	14	21	26	33	35	46	1
1	4	13	33	36	41	47	1
1	2	7	15	36	37	49	1
1	11	22	26	35	41	46	1
1	4	6	12	18	41	48	1
1	6	13	23	26	33	34	1
1	4	16	27	31	37	38	1
1	5	7	10	13	27	29	1
1	5	6	13	16	27	30	1
1	11	15	17	19	32	39	1
1	12	16	20	29	36	47	1
1	2	6	19	27	35	47	1
1	7	14	20	23	38	46	1
1	3	6	37	38	45	47	1
1	13	15	16	18	26	33	1
1	11	27	41	45	46	49	1
1	1	15	24	34	40	48	1
1	12	21	26	37	43	49	1
1	6	11	13	30	31	37	1
1	1	6	23	35	36	39	1
1	3	5	11	34	38	47	1
1	7	8	16	37	43	44	1
1	1	11	17	41	42	45	1
1	3	28	29	32	37	45	1
1	3	11	18	34	37	41	1
1	6	9	21	25	27	32	1
1	1	10	14	16	25	39	1
1	10	25	26	38	46	49	1
1	11	17	26	31	40	44	1
1	8	13	16	19	33	49	1
1	8	9	22	29	37	49	1
1	8	18	29	31	41	43	1
1	5	6	13	34	35	43	1
1	2	23	28	43	47	49	1
1	3	4	41	44	45	48	1
1	18	27	33	34	44	47	1
1	9	10	13	23	28	29	1
1	2	16	25	34	37	48	1
1	3	5	7	25	40	47	1
1	13	17	26	27	29	45	1
1	3	11	27	31	33	35	1
1	7	21	31	38	42	48	1
1	2	13	14	24	29	42	1
1	5	7	10	30	34	35	1
1	5	14	17	25	34	44	1
1	4	18	20	31	39	48	1
1	5	12	21	28	30	45	1
1	5	9	17	31	37	44	1
1	13	14	17	20	39	40	1
1	9	13	24	36	44	45	1
1	2	6	13	20	42	48	1
1	13	16	18	21	32	33	1
1	1	7	12	24	44	49	1
1	2	12	25	40	41	47	1
1	1	7	26	40	43	45	1
1	3	8	17	20	26	47	1
1	3	14	20	23	25	45	1
1	1	20	23	36	38	49	1
1	8	22	37	38	45	47	1
1	3	14	26	27	35	44	1
1	4	10	14	19	21	28	1
1	1	5	12	17	31	44	1
1	21	22	26	27	40	47	1
1	4	5	26	33	38	44	1
1	1	9	25	27	37	40	1
1	3	15	17	26	27	46	1
1	1	2	7	16	43	44	1
1	12	17	25	26	43	44	1
1	2	17	35	41	46	48	1
1	9	27	32	38	39	49	1
1	2	23	25	33	34	41	1
1	9	13	21	25	38	41	1
1	5	15	19	24	26	46	1
1	7	19	31	43	45	49	1
1	2	3	17	18	19	46	1
1	3	17	22	25	40	46	1
1	1	10	18	20	30	40	1
1	20	33	36	45	46	47	1
1	9	12	14	19	31	43	1
1	11	13	18	20	24	29	1
1	12	24	32	36	39	47	1
1	4	6	15	22	23	27	1
1	16	30	36	39	45	47	1
1	8	21	24	26	34	38	1
1	5	13	16	20	28	31	1
1	4	7	24	39	43	44	1
1	1	10	26	29	40	45	1
1	21	24	30	32	40	41	1
1	5	16	24	26	46	48	1
1	1	11	12	15	32	46	1
1	14	35	37	44	46	48	1
1	24	29	30	31	34	46	1
1	1	4	20	21	26	43	1
1	12	13	17	26	43	45	1
1	7	23	24	27	41	42	1
1	4	10	28	29	30	46	1
1	4	22	30	39	46	47	1
1	1	33	40	41	45	48	1
1	4	6	15	22	27	40	1
1	1	7	8	10	18	36	1
1	2	21	31	32	41	49	1
1	1	11	14	20	31	40	1
1	2	7	26	35	39	43	1
1	4	26	30	31	48	49	1
1	7	19	32	35	36	43	1
1	10	18	23	26	41	43	1
1	19	21	24	25	45	46	1
1	6	13	17	19	24	29	1
1	4	8	25	29	36	37	1
1	3	21	31	40	43	49	1
1	6	7	9	11	30	43	1
1	3	12	23	30	36	37	1
1	4	16	18	28	30	38	1
1	13	29	31	36	37	42	1
1	3	4	13	21	27	29	1
1	28	30	31	37	39	46	1
1	9	16	22	23	33	45	1
1	17	19	23	24	28	38	1
1	1	2	21	30	31	38	1
1	2	4	5	44	46	47	1
1	10	26	37	40	42	47	1
1	7	10	21	29	32	43	1
1	1	3	15	16	22	39	1
1	7	11	15	39	42	48	1
1	13	30	32	33	42	46	1
1	15	17	20	21	44	47	1
1	10	12	14	27	34	36	1
1	4	9	14	27	35	48	1
1	20	26	29	31	40	49	1
1	16	23	33	35	43	49	1
1	6	15	22	30	31	48	1
1	1	3	11	40	42	48	1
1	2	3	13	14	31	36	1
1	1	8	13	24	27	43	1
1	29	30	33	34	37	46	1
1	18	26	29	39	43	45	1
1	10	18	19	37	43	48	1
1	1	6	16	34	37	41	1
1	2	9	19	33	35	45	1
1	4	6	7	17	31	36	1
1	13	24	30	41	43	47	1
1	28	30	38	44	45	48	1
1	15	17	19	20	35	38	1
1	12	15	30	38	47	48	1
1	4	23	26	35	36	40	1
1	16	24	26	30	39	42	1
1	5	11	25	28	35	49	1
1	2	9	40	43	47	48	1
1	1	17	32	35	38	48	1
1	3	18	27	32	37	40	1
1	11	17	35	38	43	47	1
1	4	13	16	32	35	37	1
1	6	11	21	37	40	46	1
1	10	16	17	34	40	47	1
1	1	2	30	36	42	43	1
1	3	15	18	19	32	48	1
1	1	13	21	34	36	42	1
1	1	8	27	33	34	42	1
1	2	5	18	21	34	43	1
1	8	10	33	41	42	45	1
1	8	9	13	17	34	44	1
1	4	24	26	37	41	43	1
1	2	6	7	13	31	36	1
1	11	17	26	31	46	48	1
1	10	15	21	23	28	37	1
1	5	12	16	26	37	43	1
1	4	5	17	18	34	38	1
1	12	16	27	35	39	41	1
1	5	8	10	32	48	49	1
1	4	12	22	37	43	49	1
1	3	16	19	22	23	25	1
1	6	12	20	21	24	43	1
1	4	10	11	18	23	34	1
1	6	7	8	30	34	43	1
1	8	10	18	19	25	41	1
1	2	9	12	30	35	46	1
1	1	14	32	33	37	40	1
1	2	19	27	32	41	43	1
1	7	10	24	27	30	47	1
1	4	12	24	25	38	41	1
1	7	8	24	28	29	40	1
1	7	10	11	47	48	49	1
1	11	12	23	29	30	40	1
1	2	11	16	31	33	41	1
1	8	9	12	20	45	48	1
1	18	19	23	29	33	45	1
1	9	14	17	22	26	46	1
1	10	11	18	21	32	42	1
1	12	19	23	24	29	44	1
1	6	26	28	30	33	34	1
1	9	10	16	18	20	49	1
1	5	11	20	23	27	28	1
1	2	5	6	12	19	36	1
1	1	21	23	27	40	45	1
1	10	12	16	21	29	48	1
1	6	12	17	28	37	46	1
1	3	14	25	29	33	42	1
1	11	16	18	19	21	23	1
1	3	8	20	22	38	49	1
1	3	4	11	28	30	45	1
1	7	10	13	33	39	42	1
1	5	6	7	36	38	46	1
1	9	10	13	30	33	39	1
1	2	10	11	17	26	44	1
1	19	42	43	44	46	47	1
1	2	18	22	38	39	44	1
1	5	7	23	25	31	49	1
1	3	8	10	23	26	28	1
1	1	7	8	14	32	33	1
1	14	22	23	32	43	49	1
1	2	7	22	27	45	48	1
1	12	22	25	30	33	38	1
1	8	19	22	30	34	47	1
1	10	16	21	29	38	45	1
1	4	5	6	10	23	35	1
1	6	22	28	36	41	48	1
1	4	10	16	22	39	42	1
1	10	17	21	40	44	45	1
1	4	7	24	27	28	41	1
1	4	14	17	23	26	38	1
1	3	22	25	32	36	41	1
1	2	32	39	42	45	46	1
1	1	18	30	33	36	47	1
1	8	12	22	37	42	46	1
1	2	3	16	37	45	49	1
1	6	8	26	33	35	42	1
1	2	6	18	25	30	32	1
1	4	7	13	33	40	47	1
1	15	17	24	26	34	35	1
1	15	20	32	39	40	47	1
1	4	11	21	27	38	41	1
1	9	14	19	23	43	45	1
1	1	12	15	16	21	35	1
1	5	13	15	17	24	27	1
1	11	15	23	34	35	36	1
1	1	20	31	32	45	46	1
1	11	19	33	35	39	40	1
1	3	21	25	26	31	40	1
1	5	11	20	30	37	43	1
1	4	14	19	25	26	49	1
1	9	13	14	40	43	49	1
1	4	30	39	42	45	46	1
1	7	30	36	39	42	49	1
1	1	14	24	30	35	45	1
1	11	14	36	40	43	45	1
1	1	6	8	11	23	46	1
1	4	6	10	17	33	49	1
1	15	21	31	35	41	46	1
1	5	18	22	28	29	32	1
1	16	19	21	25	35	45	1
1	2	8	12	19	23	41	1
1	6	18	23	37	40	45	1
1	4	19	24	31	35	43	1
1	4	13	18	19	42	43	1
1	4	9	25	27	31	33	1
1	16	17	18	23	28	33	1
1	6	7	10	29	42	44	1
1	10	13	31	33	34	35	1
1	6	21	33	42	43	46	1
1	5	20	28	30	41	42	1
1	12	35	36	43	44	45	1
1	11	29	35	36	44	48	1
1	3	8	9	20	22	35	1
1	3	5	10	21	30	37	1
1	7	14	20	21	42	45	1
1	9	19	22	33	37	46	1
1	2	12	14	41	42	43	1
1	2	16	17	29	39	41	1
1	19	29	33	40	46	48	1
1	5	21	29	30	36	45	1
1	12	13	15	32	40	43	1
1	17	20	24	28	31	41	1
1	8	26	31	35	36	47	1
1	7	9	13	23	26	47	1
1	9	15	22	33	38	48	1
1	7	28	35	40	42	48	1
1	11	15	18	33	42	49	1
1	12	13	19	20	21	29	1
1	2	7	15	23	25	45	1
1	1	6	31	37	44	45	1
1	8	12	17	23	36	38	1
1	17	23	24	33	35	41	1
1	1	14	23	35	47	49	1
1	4	6	8	12	34	38	1
1	10	19	20	35	36	38	1
1	1	6	8	10	15	20	1
1	11	14	15	29	31	47	1
1	2	3	9	21	26	29	1
1	3	7	16	18	29	49	1
1	21	22	23	24	48	49	1
1	1	25	35	36	37	44	1
1	4	29	35	40	43	45	1
1	1	17	24	29	34	46	1
1	6	28	30	31	34	48	1
1	3	17	36	44	45	48	1
1	2	10	11	16	42	43	1
1	9	19	20	24	36	48	1
1	15	18	22	31	43	49	1
1	1	15	18	19	29	37	1
1	9	15	18	34	35	45	1
1	11	14	34	40	42	43	1
1	8	20	21	27	36	48	1
1	11	12	14	27	34	48	1
1	18	23	32	34	41	46	1
1	10	11	36	38	46	48	1
1	11	14	20	25	31	36	1
1	4	17	34	39	41	46	1
1	2	20	26	29	37	45	1
1	3	5	19	20	34	47	1
1	11	19	36	41	46	49	1
1	2	21	22	29	34	35	1
1	11	14	29	33	42	44	1
1	6	26	30	38	44	45	1
1	13	17	21	33	41	42	1
1	8	13	21	22	24	39	1
1	2	6	9	20	43	44	1
1	3	7	15	38	43	47	1
1	13	16	21	42	46	49	1
1	6	26	27	33	41	42	1
1	2	13	19	25	30	32	1
1	13	15	28	29	33	47	1
1	3	10	21	23	33	44	1
1	3	4	8	25	41	48	1
1	9	10	19	43	47	49	1
1	4	7	16	23	27	39	1
1	1	9	10	24	32	35	1
1	1	9	15	26	29	32	1
1	3	9	10	14	17	19	1
1	3	8	20	26	37	46	1
1	13	22	31	32	34	48	1
1	19	30	32	33	38	41	1
1	5	13	14	29	39	40	1
1	10	30	41	43	45	47	1
1	6	11	19	20	32	39	1
1	15	23	38	40	41	49	1
1	1	10	18	24	31	46	1
1	12	13	22	26	37	45	1
1	15	20	33	37	39	45	1
1	8	12	24	30	34	35	1
1	9	14	22	45	47	49	1
1	6	18	25	34	45	49	1
1	2	4	25	29	41	43	1
1	9	33	37	38	42	49	1
1	1	10	26	38	39	47	1
1	2	18	24	25	30	40	1
1	6	23	30	33	37	41	1
1	3	4	20	38	42	48	1
1	3	5	6	7	26	40	1
1	5	8	34	37	44	47	1
1	1	11	22	25	39	41	1
1	3	8	14	28	31	39	1
1	1	18	20	23	41	47	1
1	5	9	14	31	37	46	1
1	8	32	33	43	46	49	1
1	2	6	12	18	22	29	1
1	4	11	18	20	29	44	1
1	8	11	22	27	33	36	1
1	7	22	24	30	38	46	1
1	2	9	12	29	33	37	1
1	4	6	19	22	23	45	1
1	4	5	12	24	38	45	1
1	10	14	18	40	45	49	1
1	4	14	17	20	38	48	1
1	19	20	33	43	45	47	1
1	9	16	19	41	46	49	1
1	1	2	3	19	25	41	1
1	5	7	9	30	39	40	1
1	24	40	45	47	48	49	1
1	6	11	20	26	34	35	1
1	6	9	17	20	22	40	1
1	2	6	9	11	14	37	1
1	10	13	24	27	37	39	1
1	4	8	11	27	37	47	1
1	8	13	23	37	41	42	1
1	10	24	35	40	41	45	1
1	13	20	31	36	43	46	1
1	5	6	17	21	31	46	1
1	4	6	15	33	38	40	1
1	3	6	12	15	43	44	1
1	3	21	27	37	43	44	1
1	7	9	21	29	31	47	1
1	9	18	28	37	42	49	1
1	12	19	22	34	46	47	1
1	13	21	23	27	28	34	1
1	3	7	26	30	33	46	1
1	1	13	19	26	32	46	1
1	7	20	24	25	29	45	1
1	4	9	16	32	37	41	1
1	5	16	21	25	40	48	1
1	10	12	23	26	35	37	1
1	6	10	21	24	38	48	1
1	6	15	22	26	41	49	1
1	14	22	25	30	44	48	1
1	17	29	33	43	45	49	1
1	3	6	12	19	24	29	1
1	3	19	20	23	35	38	1
1	22	24	32	33	37	41	1
1	1	23	26	28	33	40	1
1	11	17	27	32	39	49	1
1	5	7	13	27	45	47	1
1	11	14	31	33	37	45	1
1	8	16	33	37	40	42	1
1	4	13	19	23	33	48	1
1	6	17	29	32	36	47	1
1	3	16	20	27	34	35	1
1	8	16	19	32	40	46	1
1	2	11	24	31	39	49	1
1	10	20	25	41	44	46	1
1	2	10	19	36	40	48	1
1	3	15	31	33	43	48	1
1	4	7	13	41	44	47	1
1	7	20	24	37	43	49	1
1	7	14	17	19	34	37	1
1	6	12	25	43	45	47	1
1	20	25	26	39	42	44	1
1	10	19	25	31	37	40	1
1	4	14	21	29	36	41	1
1	10	27	33	38	40	49	1
1	2	3	18	31	38	46	1
1	9	10	22	29	38	41	1
1	8	11	12	18	40	42	1
1	1	5	17	32	39	45	1
1	7	21	23	37	43	48	1
1	9	17	18	20	41	49	1
1	2	15	28	41	42	46	1
1	1	17	23	34	37	49	1
1	3	16	22	27	28	32	1
1	2	12	32	34	38	48	1
1	2	7	18	32	36	43	1
1	9	19	31	35	39	42	1
1	7	21	22	24	30	31	1
1	11	17	18	28	31	46	1
1	17	18	20	22	25	36	1
1	3	8	16	20	24	25	1
1	10	11	16	21	24	38	1
1	9	39	40	43	46	48	1
1	5	17	24	36	41	49	1
1	5	8	12	15	39	47	1
1	21	25	32	35	40	47	1
1	9	19	26	29	39	45	1
1	3	17	18	24	31	32	1
1	5	15	30	35	41	48	1
1	9	37	39	45	47	48	1
1	1	26	30	32	39	47	1
1	12	24	33	36	39	45	1
1	7	8	13	26	32	35	1
1	8	9	31	42	45	49	1
1	12	13	17	34	40	47	1
1	2	8	23	25	33	48	1
1	8	23	33	40	46	49	1
1	4	12	24	25	37	49	1
1	3	13	14	17	20	42	1
1	3	15	24	25	40	44	1
1	14	17	27	41	47	48	1
1	2	10	13	15	28	41	1
1	1	10	25	27	30	36	1
1	7	13	27	37	40	46	1
1	16	21	31	40	43	45	1
1	1	2	23	29	30	42	1
1	2	9	11	22	35	45	1
1	6	24	31	32	34	39	1
1	3	11	32	34	44	48	1
1	6	9	15	32	37	48	1
1	8	17	30	36	40	47	1
1	8	10	12	14	31	39	1
1	7	13	16	24	35	42	1
1	4	6	7	16	32	45	1
1	3	22	25	36	39	40	1
1	5	22	25	30	45	46	1
1	3	10	32	43	44	46	1
1	7	15	34	39	41	49	1
1	13	18	22	29	37	49	1
1	6	10	13	20	32	37	1
1	1	5	11	37	44	47	1
1	1	20	21	23	40	41	1
1	7	11	13	34	46	47	1
1	2	4	11	30	34	47	1
1	3	17	26	33	39	46	1
1	14	24	26	29	41	46	1
1	19	29	33	35	44	49	1
1	1	6	8	38	39	40	1
1	4	14	20	31	32	42	1
1	2	4	17	33	36	45	1
1	3	7	9	28	31	43	1
1	17	20	33	35	37	40	1
1	11	12	13	16	46	48	1
1	3	11	22	29	41	44	1
1	3	9	11	19	30	39	1
1	23	40	41	42	44	45	1
1	5	6	10	25	36	38	1
1	1	6	15	27	33	40	1
1	4	7	10	12	26	33	1
1	2	5	8	20	21	33	1
1	16	18	21	27	36	43	1
1	20	21	22	29	39	41	1
1	1	13	23	35	38	42	1
1	13	25	34	35	47	48	1
1	5	27	30	32	46	49	1
1	12	24	25	29	41	45	1
1	1	2	18	38	42	45	1
1	3	6	19	23	39	43	1
1	3	6	15	27	40	44	1
1	13	22	29	33	46	49	1
1	13	15	17	26	34	48	1
1	9	20	22	28	35	42	1
1	5	21	35	38	47	48	1
1	3	4	7	19	28	32	1
1	3	16	22	39	42	49	1
1	3	4	22	23	26	28	1
1	2	9	11	22	34	35	1
1	5	21	25	32	33	41	1
1	27	29	33	36	46	48	1
1	2	24	33	35	44	48	1
1	6	9	14	18	42	44	1
1	2	12	31	40	44	45	1
1	6	7	14	16	17	27	1
1	1	23	29	34	37	45	1
1	4	16	20	23	28	44	1
1	12	18	19	35	42	43	1
1	2	7	8	32	43	49	1
1	2	25	28	40	45	46	1
1	15	18	19	21	24	35	1
1	3	10	16	17	25	39	1
1	10	20	28	36	40	46	1
1	7	9	25	35	40	48	1
1	2	6	20	23	38	45	1
1	3	10	21	26	38	43	1
1	2	9	26	44	47	49	1
1	10	18	22	26	34	38	1
1	1	34	37	39	40	42	1
1	1	16	28	29	39	45	1
1	12	16	19	32	42	49	1
1	3	6	9	27	28	36	1
1	3	7	13	30	38	46	1
1	2	12	25	28	35	48	1
1	2	26	29	36	37	45	1
1	5	21	28	32	43	46	1
1	2	5	9	17	32	35	1
1	2	15	25	31	38	49	1
1	5	18	20	26	37	39	1
1	7	9	17	23	27	32	1
1	2	10	24	31	33	49	1
1	10	27	36	40	42	43	1
1	11	19	29	33	44	46	1
1	2	8	22	29	34	48	1
1	12	19	23	25	36	46	1
1	4	13	19	32	40	45	1
1	7	8	23	38	39	45	1
1	7	9	15	21	38	40	1
1	11	13	26	32	34	44	1
1	8	9	12	20	42	45	1
1	4	9	25	26	41	46	1
1	1	3	26	33	42	46	1
1	18	25	33	40	42	49	1
1	4	13	17	27	35	45	1
1	2	3	19	28	36	45	1
1	12	30	34	38	39	43	1
1	8	9	12	16	19	21	1
1	24	28	34	38	44	45	1
1	9	21	28	37	44	49	1
1	11	33	34	42	43	48	1
1	9	12	16	26	30	37	1
1	2	8	12	22	36	37	1
1	4	8	29	37	40	48	1
1	6	12	18	27	42	43	1
1	4	15	34	36	43	47	1
1	11	18	22	28	30	49	1
1	4	7	8	10	47	48	1
1	11	12	29	32	35	43	1
1	6	10	20	23	45	47	1
1	5	7	23	33	37	38	1
1	4	13	17	25	36	48	1
1	10	13	19	35	39	41	1
1	11	17	18	25	27	34	1
1	20	35	36	37	39	49	1
1	8	12	20	28	39	47	1
1	8	32	34	39	43	48	1
1	9	13	20	29	45	46	1
1	1	6	20	22	24	46	1
1	14	15	20	28	34	39	1
1	15	16	22	31	43	44	1
1	14	20	24	30	34	37	1
1	1	6	17	19	41	42	1
1	16	25	29	37	45	49	1
1	11	17	34	37	41	49	1
1	11	20	33	34	37	39	1
1	5	11	26	31	36	39	1
1	2	8	26	46	48	49	1
1	7	15	23	25	27	40	1
1	8	12	14	22	29	49	1
1	2	18	20	23	24	48	1
1	4	11	13	16	41	45	1
1	11	27	29	33	34	44	1
1	14	19	34	37	39	42	1
1	9	16	34	42	44	48	1
1	6	10	33	39	40	48	1
1	4	6	24	32	46	48	1
1	17	20	22	37	40	48	1
1	2	5	13	24	35	43	1
1	5	6	7	11	17	34	1
1	6	13	23	34	41	43	1
1	4	5	21	33	42	47	1
1	10	12	21	38	41	42	1
1	1	11	17	29	31	46	1
1	8	20	22	29	33	49	1
1	8	15	17	22	30	40	1
1	1	4	9	20	30	44	1
1	14	19	23	31	34	39	1
1	6	10	24	28	31	46	1
1	16	17	23	27	30	45	1
1	4	22	26	29	39	48	1
1	7	8	15	24	27	32	1
1	3	4	24	26	29	49	1
1	1	7	19	21	39	45	1
1	5	6	14	30	38	39	1
1	11	12	18	21	30	37	1
1	9	27	28	40	45	48	1
1	1	15	20	30	41	48	1
1	4	5	8	15	19	40	1
1	4	5	19	28	31	38	1
1	13	19	23	33	38	48	1
1	5	15	28	31	32	45	1
1	2	5	19	26	29	31	1
1	1	14	23	27	32	44	1
1	12	32	35	36	37	46	1
1	9	11	18	23	29	40	1
1	3	5	16	26	40	45	1
1	2	4	15	39	45	49	1
1	8	14	24	36	40	42	1
1	10	19	29	32	38	44	1
1	3	23	29	37	44	45	1
1	13	14	24	31	40	48	1
1	2	5	12	31	34	48	1
1	11	22	31	32	40	49	1
1	7	10	31	32	42	47	1
1	5	6	15	31	38	39	1
1	5	6	22	23	25	27	1
1	15	19	23	38	43	49	1
1	4	6	9	29	33	49	1
1	9	10	26	29	32	37	1
1	4	6	9	30	33	49	1
1	12	13	27	32	45	46	1
1	3	6	17	27	28	44	1
1	3	12	13	36	46	48	1
1	6	17	36	41	42	49	1
1	1	7	23	29	30	33	1
1	4	8	11	12	34	43	1
1	5	6	14	18	30	35	1
1	4	10	29	33	39	46	1
1	14	19	27	32	45	49	1
1	2	4	12	24	36	38	1
1	5	11	12	22	23	26	1
1	4	17	19	22	24	46	1
1	8	17	24	34	42	46	1
1	2	11	29	32	48	49	1
1	5	13	25	34	36	46	1
1	18	26	32	34	43	44	1
1	5	24	31	34	35	44	1
1	2	7	8	18	20	37	1
1	12	15	18	25	29	32	1
1	1	19	23	24	25	43	1
1	1	9	19	25	31	41	1
1	2	4	13	24	30	42	1
1	18	25	35	43	46	47	1
1	5	10	16	19	33	47	1
1	17	26	27	28	33	49	1
1	2	4	24	25	47	48	1
1	8	10	14	22	28	29	1
1	1	15	17	26	28	38	1
1	16	20	26	31	38	49	1
1	4	22	23	46	48	49	1
1	12	15	19	41	42	49	1
1	1	5	9	11	22	38	1
1	5	14	34	38	40	43	1
1	5	9	23	30	34	36	1
1	16	22	25	33	39	48	1
1	10	12	15	23	26	44	1
1	7	9	10	27	28	40	1
1	26	28	30	39	40	48	1
1	12	21	25	30	41	43	1
1	13	17	25	40	45	47	1
1	29	35	36	38	41	43	1
1	14	17	19	21	40	42	1
1	2	31	32	34	40	49	1
1	9	24	29	35	37	40	1
1	4	12	14	15	21	23	1
1	13	24	30	32	37	48	1
1	1	9	23	28	37	39	1
1	14	16	34	41	45	49	1
1	13	15	18	20	23	26	1
1	4	13	18	21	22	42	1
1	4	6	14	23	25	36	1
1	10	19	23	24	33	38	1
1	7	9	14	24	25	44	1
1	8	12	28	30	38	48	1
1	3	13	15	28	41	47	1
1	5	6	21	38	42	45	1
1	9	11	15	34	35	42	1
1	5	19	27	32	44	46	1
1	2	4	9	22	43	44	1
1	27	28	33	37	48	49	1
1	1	2	13	17	24	39	1
1	3	10	13	22	34	43	1
1	7	9	23	25	27	41	1
1	9	12	20	28	33	46	1
1	4	11	12	25	42	43	1
1	12	19	22	36	40	46	1
1	3	10	14	36	38	40	1
1	6	24	27	34	36	42	1
1	4	7	10	22	25	33	1
1	12	13	15	31	47	49	1
1	4	10	21	39	45	48	1
1	8	9	20	26	28	29	1
1	3	5	8	15	33	35	1
1	27	28	35	40	43	48	1
1	7	8	19	23	30	46	1
1	12	13	33	43	46	49	1
1	18	32	40	41	47	49	1
1	15	19	30	31	34	37	1
1	30	31	32	34	36	49	1
1	12	13	25	30	37	41	1
1	3	11	14	20	41	47	1
1	2	5	9	20	25	32	1
1	11	18	27	29	32	39	1
1	16	18	21	36	46	48	1
1	1	10	16	25	36	38	1
1	4	14	24	26	34	43	1
1	9	12	19	29	38	47	1
1	3	8	18	34	44	49	1
1	13	14	16	28	34	42	1
1	4	17	20	31	36	40	1
1	24	26	28	37	43	48	1
1	13	14	15	17	28	36	1
1	3	6	26	32	43	49	1
1	2	15	27	30	34	36	1
1	1	35	38	40	47	48	1
1	5	8	13	22	35	40	1
1	10	14	18	41	42	47	1
1	3	10	12	20	26	27	1
1	9	20	22	23	26	44	1
1	3	7	12	25	28	37	1
1	7	10	15	26	36	41	1
1	5	8	20	26	31	36	1
1	1	4	7	25	30	45	1
1	13	32	35	39	46	48	1
1	11	13	17	18	20	45	1
1	4	6	11	45	46	47	1
1	3	9	11	13	27	45	1
1	6	11	21	26	34	41	1
1	1	14	17	19	40	42	1
1	13	19	29	30	33	49	1
1	7	11	15	30	31	45	1
1	1	7	19	31	35	44	1
1	7	13	18	23	26	27	1
1	10	20	24	32	37	47	1
1	1	8	15	36	38	49	1
1	2	3	23	29	34	36	1
1	20	28	32	36	42	46	1
1	9	10	14	15	19	29	1
1	2	13	21	22	40	44	1
1	2	16	20	23	33	43	1
1	10	15	24	29	35	38	1
1	10	11	16	19	28	40	1
1	2	20	29	33	40	44	1
1	4	5	17	30	36	38	1
1	5	15	27	35	38	47	1
1	3	12	14	16	29	38	1
1	1	10	13	23	41	43	1
1	5	11	26	28	35	46	1
1	4	13	23	24	37	47	1
1	2	11	12	29	40	42	1
1	9	12	16	24	25	38	1
1	1	6	7	8	22	46	1
1	2	7	13	17	27	41	1
1	1	5	8	11	29	33	1
1	5	7	13	33	37	39	1
1	3	5	10	11	35	45	1
1	2	12	23	26	27	31	1
1	6	11	19	21	39	49	1
1	8	15	39	44	45	49	1
1	1	3	8	12	32	47	1
1	5	6	11	16	24	40	1
1	4	9	15	27	28	46	1
1	10	15	35	42	44	47	1
1	7	13	18	21	23	24	1
1	4	5	9	12	33	36	1
1	4	6	22	24	31	40	1
1	3	4	16	35	40	44	1
1	4	11	18	27	28	46	1
1	20	25	32	39	40	44	1
1	17	19	21	33	34	46	1
1	3	15	22	31	43	47	1
1	10	15	29	30	44	45	1
1	10	16	20	26	34	48	1
1	5	6	15	24	35	48	1
1	3	16	17	31	33	46	1
1	27	28	31	41	42	43	1
1	19	21	27	33	36	38	1
1	4	7	18	21	41	46	1
1	6	9	17	23	26	36	1
1	1	3	15	19	36	37	1
1	7	25	28	31	36	45	1
1	5	10	11	21	24	43	1
1	4	6	21	22	42	43	1
1	8	15	17	29	36	44	1
1	16	21	26	28	45	46	1
1	1	3	23	26	35	38	1
1	17	23	24	40	45	48	1
1	3	8	15	20	26	45	1
1	5	7	11	12	33	39	1
1	12	15	33	34	38	43	1
1	1	8	18	27	35	45	1
1	3	8	31	42	44	48	1
1	1	6	7	24	30	48	1
1	8	9	26	39	46	47	1
1	2	23	24	27	36	48	1
1	14	20	30	34	37	45	1
1	12	29	30	36	39	45	1
1	1	39	42	45	48	49	1
1	7	8	17	22	24	30	1
1	5	32	37	38	39	42	1
1	11	13	17	21	43	49	1
1	18	23	27	44	46	47	1
1	19	20	27	29	33	45	1
1	7	10	21	22	38	39	1
1	6	7	8	9	20	28	1
1	2	4	22	25	28	31	1
1	4	9	14	21	34	45	1
1	5	7	16	27	37	49	1
1	4	17	23	31	45	48	1
1	3	15	23	33	39	47	1
1	2	16	30	41	44	48	1
1	14	25	31	36	44	47	1
1	4	7	23	31	33	36	1
1	2	8	28	29	34	44	1
1	2	12	23	35	39	49	1
1	2	21	23	30	34	42	1
1	3	5	11	23	33	34	1
1	2	3	15	23	41	46	1
1	6	7	10	19	21	45	1
1	6	17	21	28	31	38	1
1	9	21	28	31	34	37	1
1	9	18	24	27	29	43	1
1	28	35	42	45	46	49	1
1	7	18	23	24	27	32	1
1	6	11	18	20	21	34	1
1	12	15	18	29	33	46	1
1	11	14	19	20	21	47	1
1	11	16	25	35	38	41	1
1	14	15	25	32	41	42	1
1	10	15	29	32	34	40	1
1	17	18	25	31	42	49	1
1	12	26	28	31	33	45	1
1	15	17	19	23	27	38	1
1	1	23	30	38	45	48	1
1	3	8	15	16	20	46	1
1	2	14	29	32	41	44	1
1	8	15	24	25	30	35	1
1	12	19	22	26	44	47	1
1	7	10	13	19	26	29	1
1	7	11	12	16	30	41	1
1	7	13	14	16	22	48	1
1	9	23	29	42	43	47	1
1	6	7	12	20	38	40	1
1	10	15	16	18	23	26	1
1	14	24	27	36	39	42	1
1	4	13	15	20	26	41	1
1	9	14	17	20	44	45	1
1	5	7	11	17	24	48	1
1	8	18	20	30	32	46	1
1	10	17	20	41	46	48	1
1	1	2	38	39	40	49	1
1	5	22	23	40	44	48	1
1	5	8	13	16	40	49	1
1	16	21	24	31	35	39	1
1	3	22	32	40	45	48	1
1	14	18	22	34	36	43	1
1	12	30	36	37	40	48	1
1	3	4	20	34	39	48	1
1	15	25	28	32	35	42	1
1	3	4	14	18	28	31	1
1	10	13	15	30	34	44	1
1	2	18	23	35	47	48	1
1	12	15	23	36	43	47	1
1	8	24	34	38	41	42	1
1	6	8	24	27	31	41	1
1	3	7	15	35	36	40	1
1	13	20	22	29	32	33	1
1	3	5	24	27	38	46	1
1	12	16	19	34	41	47	1
1	1	18	25	26	36	39	1
1	1	22	28	38	47	48	1
1	2	11	21	28	31	44	1
1	1	8	11	21	24	41	1
1	6	8	11	25	28	45	1
1	9	10	11	18	39	45	1
1	1	3	7	11	38	40	1
1	4	7	10	27	37	49	1
1	9	11	31	34	48	49	1
1	2	12	20	35	41	49	1
1	5	6	17	39	44	48	1
1	2	7	9	18	23	38	1
1	8	10	12	22	26	28	1
1	7	22	23	26	40	48	1
1	6	13	19	32	43	44	1
1	3	19	21	41	43	47	1
1	4	12	14	21	22	37	1
1	1	12	22	35	42	44	1
1	2	22	30	33	35	42	1
1	5	6	8	9	11	40	1
1	9	19	20	31	41	45	1
1	5	8	15	16	41	46	1
1	19	29	32	40	43	46	1
1	5	7	39	41	45	46	1
1	8	16	24	28	44	45	1
1	1	11	23	27	28	44	1
1	4	17	25	26	39	49	1
1	3	7	18	26	36	42	1
1	11	21	33	38	40	48	1
1	6	9	11	12	19	20	1
1	7	8	22	36	42	46	1
1	14	27	37	39	43	45	1
1	1	2	9	15	17	37	1
1	18	21	27	34	39	45	1
1	6	12	17	23	29	36	1
1	23	27	32	37	38	45	1
1	9	11	21	24	39	43	1
1	6	9	14	18	23	33	1
1	11	20	23	28	40	45	1
1	11	30	39	40	41	42	1
1	3	29	31	32	34	48	1
1	5	10	12	18	25	45	1
1	3	8	17	32	40	47	1
1	8	14	20	26	31	49	1
1	33	35	36	39	48	49	1
1	12	15	34	44	45	47	1
1	7	13	14	16	21	24	1
1	18	23	25	26	45	48	1
1	2	13	16	32	39	44	1
1	1	2	16	24	36	49	1
1	14	16	18	20	26	47	1
1	6	10	11	16	32	36	1
1	2	8	10	20	28	38	1
1	15	18	26	33	36	39	1
1	9	21	22	42	44	48	1
1	18	19	33	40	44	47	1
1	5	6	30	32	45	46	1
1	2	6	15	19	24	38	1
1	4	5	10	34	37	45	1
1	2	3	12	15	19	49	1
1	14	17	21	27	37	46	1
1	2	3	7	13	32	40	1
1	23	31	33	38	46	49	1
1	2	21	36	37	45	47	1
1	7	26	41	43	44	48	1
1	16	22	27	29	44	46	1
1	16	17	20	29	31	43	1
1	7	22	27	29	33	39	1
1	12	13	15	16	28	41	1
1	19	20	24	36	47	48	1
1	5	28	34	35	38	49	1
1	8	21	22	26	30	39	1
1	7	16	36	40	42	44	1
1	1	12	27	33	46	49	1
1	5	8	16	26	36	42	1
1	8	18	29	37	38	44	1
1	5	13	26	28	41	47	1
1	12	19	30	36	43	47	1
1	1	12	20	28	41	43	1
1	7	11	15	22	37	44	1
1	5	7	9	23	28	38	1
1	6	7	19	27	38	40	1
1	8	14	15	35	37	40	1
1	1	8	19	26	37	44	1
1	4	16	21	22	31	37	1
1	6	11	12	31	42	44	1
1	4	14	17	22	28	32	1
1	1	6	10	26	31	38	1
1	2	3	15	17	25	42	1
1	4	18	27	28	31	33	1
1	8	13	17	32	44	48	1
1	12	19	28	34	36	41	1
1	2	3	4	13	42	48	1
1	12	21	24	34	42	47	1
1	28	38	39	43	45	48	1
1	4	10	19	24	32	35	1
1	13	16	17	27	42	45	1
1	9	12	24	28	35	43	1
1	27	29	31	35	36	37	1
1	12	22	31	32	35	47	1
1	17	24	32	39	44	48	1
1	6	12	14	42	46	47	1
1	8	32	33	36	40	47	1
1	15	20	22	25	27	41	1
1	3	20	27	29	38	44	1
1	5	8	14	18	43	49	1
1	13	17	22	29	36	45	1
1	1	11	12	17	32	40	1
1	11	21	35	37	46	47	1
1	1	20	27	36	40	42	1
1	6	10	22	30	35	49	1
1	1	14	17	29	36	37	1
1	3	8	23	25	29	47	1
1	6	8	18	20	40	42	1
1	17	20	22	35	38	48	1
1	1	6	12	19	24	31	1
1	7	14	15	23	35	37	1
1	9	13	19	32	41	49	1
1	4	12	17	18	34	44	1
1	3	5	8	14	24	34	1
1	2	5	20	30	39	45	1
1	3	5	20	30	34	47	1
1	15	21	23	26	28	48	1
1	6	7	31	38	44	48	1
1	1	4	6	24	26	29	1
1	5	10	29	33	36	46	1
1	3	29	33	36	39	45	1
1	8	11	21	23	42	44	1
1	9	10	12	19	24	31	1
1	6	18	26	29	45	49	1
1	7	9	18	22	28	38	1
1	4	24	28	36	37	45	1
1	4	19	22	24	32	33	1
1	6	11	13	25	31	47	1
1	2	5	9	13	22	38	1
1	2	9	10	13	21	29	1
1	2	7	18	20	41	48	1
1	3	26	31	33	45	48	1
1	5	15	20	25	28	33	1
1	20	24	27	40	44	45	1
1	8	22	37	40	41	44	1
1	6	14	26	27	34	46	1
1	4	20	22	23	42	44	1
1	13	14	21	24	32	35	1
1	9	10	11	24	34	42	1
1	11	15	16	17	31	40	1
1	4	8	17	23	34	47	1
1	9	22	34	35	46	47	1
1	20	36	42	43	45	48	1
1	6	22	23	41	44	49	1
1	15	20	29	36	38	42	1
1	3	4	20	31	41	48	1
1	10	16	21	31	33	36	1
1	6	32	35	36	40	45	1
1	3	6	13	29	36	38	1
1	7	22	28	32	34	38	1
1	4	26	34	38	41	46	1
1	2	12	22	42	43	46	1
1	6	7	24	27	28	46	1
1	11	22	36	37	43	48	1
1	1	13	16	30	33	48	1
1	8	10	14	16	18	35	1
1	3	5	26	27	37	39	1
1	1	26	33	36	45	48	1
1	10	14	15	39	43	49	1
1	24	29	34	36	41	42	1
1	14	17	33	34	43	44	1
1	6	16	29	30	33	36	1
1	14	21	27	34	37	38	1
1	1	4	6	13	20	44	1
1	2	5	16	25	30	40	1
1	23	27	35	40	43	44	1
1	1	14	21	23	29	46	1
1	4	15	22	27	29	31	1
1	1	8	13	32	38	43	1
1	4	18	23	25	39	43	1
1	6	7	9	15	17	48	1
1	7	17	30	33	42	49	1
1	9	25	36	41	44	45	1
1	17	18	21	25	35	47	1
1	2	24	28	30	32	40	1
1	3	5	13	33	34	44	1
1	10	15	16	38	44	48	1
1	23	31	41	45	46	49	1
1	5	14	20	28	33	46	1
1	4	12	19	21	26	41	1
1	2	15	22	24	39	46	1
1	11	15	19	25	34	39	1
1	1	2	16	21	47	49	1
1	6	29	31	33	40	43	1
1	1	5	14	27	30	41	1
1	15	18	24	28	29	49	1
1	1	4	11	16	26	46	1
1	4	14	16	25	45	47	1
1	9	14	24	43	45	46	1
1	1	2	7	10	33	38	1
1	2	8	11	26	27	33	1
1	26	30	34	35	38	41	1
1	20	26	27	32	36	46	1
1	11	19	27	28	30	39	1
1	1	9	12	29	30	42	1
1	2	10	17	19	44	47	1
1	18	25	26	41	45	49	1
1	1	10	11	19	21	41	1
1	10	20	30	38	41	44	1
1	9	28	35	36	48	49	1
1	1	2	32	33	38	49	1
1	8	9	13	22	35	36	1
1	12	21	23	24	38	46	1
1	2	10	16	21	24	49	1
1	11	14	21	24	25	43	1
1	5	24	26	28	33	45	1
1	1	20	24	33	37	43	1
1	9	17	32	41	42	44	1
1	21	28	34	35	48	49	1
1	2	7	24	37	38	40	1
1	5	15	19	31	42	47	1
1	8	11	19	42	46	47	1
1	4	8	16	25	33	36	1
1	5	8	13	14	17	30	1
1	8	23	25	28	34	39	1
1	3	4	5	12	23	33	1
1	1	3	23	33	40	48	1
1	4	11	12	14	25	37	1
1	16	17	19	22	40	43	1
1	21	23	24	33	38	44	1
1	7	8	11	19	25	46	1
1	2	11	14	22	41	42	1
1	11	12	16	29	38	43	1
1	3	20	24	26	37	47	1
1	2	5	12	22	44	48	1
1	3	15	17	20	27	43	1
1	5	15	30	42	46	49	1
1	2	3	9	17	29	40	1
1	19	21	29	32	34	47	1
1	8	23	25	32	33	48	1
1	14	20	28	31	44	49	1
1	1	6	13	29	37	39	1
1	4	12	28	31	39	46	1
1	2	8	32	36	47	49	1
1	13	17	19	22	28	46	1
1	5	6	24	29	35	39	1
1	2	7	12	21	25	47	1
1	2	4	15	29	32	40	1
1	13	21	22	26	35	40	1
1	6	26	41	42	47	48	1
1	13	22	23	31	35	45	1
1	7	19	21	29	31	36	1
1	5	19	22	29	31	32	1
1	8	16	18	26	28	37	1
1	2	10	16	36	40	45	1
1	2	12	18	26	35	36	1
1	18	22	24	30	43	48	1
1	7	12	20	22	26	35	1
1	3	10	17	18	19	23	1
1	3	4	6	23	33	44	1
1	6	12	14	20	21	26	1
1	3	5	16	20	27	45	1
1	4	9	24	41	47	48	1
1	9	12	13	26	35	43	1
1	21	26	32	34	36	39	1
1	4	8	30	43	46	48	1
1	3	8	15	17	29	33	1
1	9	12	17	20	21	37	1
1	20	26	35	37	46	48	1
1	3	5	13	16	44	48	1
1	8	9	15	23	40	48	1
1	2	18	22	25	37	39	1
1	10	12	16	23	41	42	1
1	2	8	11	15	24	27	1
1	4	15	28	31	37	44	1
1	13	18	19	20	35	40	1
1	2	4	16	20	25	46	1
1	1	2	10	19	22	44	1
1	4	18	23	32	34	47	1
1	13	20	23	34	38	46	1
1	4	6	7	11	12	40	1
1	1	15	21	22	38	39	1
1	1	12	17	22	29	44	1
1	3	11	15	21	23	33	1
1	2	15	25	27	38	46	1
1	2	15	33	36	42	49	1
1	4	16	18	25	36	40	1
1	6	15	22	23	41	43	1
1	17	29	36	39	46	49	1
1	10	14	18	27	31	48	1
1	3	16	18	21	28	47	1
1	2	5	16	36	41	43	1
1	3	12	16	20	28	31	1
1	1	8	37	39	44	45	1
1	2	7	15	24	37	45	1
1	9	13	19	22	33	34	1
1	24	25	26	30	34	39	1
1	3	8	16	23	34	44	1
1	7	26	31	38	46	47	1
1	11	16	18	33	34	35	1
1	6	12	14	17	30	49	1
1	2	7	11	16	47	48	1
1	13	24	28	34	45	49	1
1	3	6	12	14	25	28	1
1	2	18	35	42	45	47	1
1	15	22	25	26	42	43	1
1	9	11	32	36	38	40	1
1	13	16	17	23	27	37	1
1	8	12	20	27	32	43	1
1	2	7	35	36	42	45	1
1	3	16	26	40	41	49	1
1	6	15	40	41	42	44	1
1	22	25	35	40	45	46	1
1	3	11	12	19	21	29	1
1	3	9	25	32	35	45	1
1	1	7	11	17	27	47	1
1	4	7	12	20	40	49	1
1	16	23	33	36	48	49	1
1	2	25	27	28	31	47	1
1	24	33	35	40	43	49	1
1	23	34	43	44	47	49	1
1	5	9	37	43	46	48	1
1	13	23	28	31	34	38	1
1	19	28	30	32	37	45	1
1	7	11	12	13	35	41	1
1	3	24	28	40	43	48	1
1	4	27	33	38	41	46	1
1	7	15	25	38	44	47	1
1	15	21	22	28	38	45	1
1	13	20	26	27	31	39	1
1	1	10	24	28	39	45	1
1	10	28	32	37	43	46	1
1	13	20	27	28	47	49	1
1	11	19	30	33	38	41	1
1	20	25	28	31	37	41	1
1	2	3	7	14	41	42	1
1	1	20	25	27	37	46	1
1	18	30	38	43	46	47	1
1	20	29	33	35	38	43	1
1	6	16	18	30	37	39	1
1	13	24	25	29	43	45	1
1	4	10	14	19	36	41	1
1	8	10	11	21	24	44	1
1	2	12	30	32	37	40	1
1	8	16	21	39	44	45	1
1	9	18	41	42	48	49	1
1	7	8	10	20	30	31	1
1	10	17	24	28	31	46	1
1	20	21	34	42	44	45	1
1	3	24	25	33	40	48	1
1	5	13	15	22	45	47	1
1	4	6	17	28	35	46	1
1	7	11	13	15	20	44	1
1	2	7	17	31	39	43	1
1	3	8	10	19	31	33	1
1	4	10	20	23	27	45	1
1	15	28	34	40	41	43	1
1	2	18	22	27	44	45	1
1	17	21	27	37	48	49	1
1	8	13	27	35	45	49	1
1	9	12	15	17	42	49	1
1	3	4	6	17	30	34	1
1	4	11	14	25	30	36	1
1	6	30	35	37	41	43	1
1	10	13	24	29	31	32	1
1	10	20	23	31	33	45	1
1	6	25	29	34	39	44	1
1	3	5	26	37	39	45	1
1	23	29	31	38	40	42	1
1	3	9	10	28	34	40	1
1	2	17	20	41	42	44	1
1	1	3	23	35	41	46	1
1	5	7	20	25	36	46	1
1	5	7	20	24	37	49	1
1	5	10	11	12	32	33	1
1	9	20	24	26	43	47	1
1	1	3	4	24	28	36	1
1	15	17	18	19	34	44	1
1	1	2	7	16	27	30	1
1	14	23	25	31	33	38	1
1	2	5	15	20	38	39	1
1	9	17	22	35	38	43	1
1	1	3	21	24	31	46	1
1	7	22	26	27	42	47	1
1	6	7	8	29	35	45	1
1	12	21	28	37	40	43	1
1	10	16	31	36	38	47	1
1	1	11	23	25	27	30	1
1	15	16	17	28	33	44	1
1	9	15	21	27	35	40	1
1	3	15	17	35	44	46	1
1	2	8	9	11	21	39	1
1	3	4	5	8	33	38	1
1	9	13	18	20	24	36	1
1	6	8	10	22	30	43	1
1	14	16	24	41	42	48	1
1	1	13	24	29	43	49	1
1	9	10	15	18	21	37	1
1	3	6	11	15	20	37	1
1	3	4	9	14	23	48	1
1	15	17	25	29	30	35	1
1	5	14	39	42	46	49	1
1	2	10	14	19	28	33	1
1	4	10	15	18	26	41	1
1	7	9	21	40	44	45	1
1	9	19	38	40	45	47	1
1	16	17	37	39	41	45	1
1	8	22	29	32	33	35	1
1	6	14	16	29	38	46	1
1	12	15	21	23	40	48	1
1	4	7	12	16	22	24	1
1	2	9	32	33	35	49	1
1	2	4	14	16	18	19	1
1	5	8	22	23	27	37	1
1	11	13	25	34	41	45	1
1	11	25	33	35	44	49	1
1	4	24	27	35	38	48	1
1	7	13	23	25	40	41	1
1	10	21	34	37	45	49	1
1	2	8	17	23	40	42	1
1	13	16	19	24	27	30	1
1	1	16	21	22	33	43	1
1	3	16	24	40	41	48	1
1	1	12	22	25	35	45	1
1	2	4	12	17	18	47	1
1	8	23	24	31	35	44	1
1	23	27	36	41	43	47	1
1	4	9	17	27	36	49	1
1	26	28	33	35	37	46	1
1	8	12	22	35	38	44	1
1	26	37	40	43	44	45	1
1	5	8	21	31	40	45	1
1	6	7	17	18	20	32	1
1	10	11	30	33	41	44	1
1	9	13	15	18	21	46	1
1	7	15	27	31	35	44	1
1	21	29	32	40	43	44	1
1	20	22	23	24	39	41	1
1	3	8	41	43	46	47	1
1	9	20	25	27	31	32	1
1	11	18	38	40	43	46	1
1	2	12	22	28	41	48	1
1	6	9	13	26	27	46	1
1	16	28	41	43	47	49	1
1	1	8	29	31	35	39	1
1	1	4	7	9	12	37	1
1	8	23	29	34	35	48	1
1	21	26	30	31	32	48	1
1	20	24	27	28	38	48	1
1	5	11	20	26	29	36	1
1	8	12	25	38	45	48	1
1	14	22	31	37	43	49	1
1	5	7	24	45	46	49	1
1	13	30	36	40	42	46	1
1	14	16	23	28	46	48	1
1	10	21	36	37	42	48	1
1	15	16	29	30	42	44	1
1	9	10	26	29	38	42	1
1	1	2	9	12	21	39	1
1	12	15	17	21	25	32	1
1	7	13	19	35	42	44	1
1	6	13	14	24	32	34	1
1	1	6	8	13	21	26	1
1	1	3	15	27	31	36	1
1	4	10	19	31	38	43	1
1	8	12	22	27	35	41	1
1	23	31	32	34	35	44	1
1	4	5	6	22	29	30	1
1	8	17	22	33	40	49	1
1	1	13	28	34	37	45	1
1	8	9	15	26	37	48	1
1	3	14	20	28	40	44	1
1	2	4	20	35	39	42	1
1	2	3	9	17	20	21	1
1	8	13	20	24	37	42	1
1	5	8	23	39	41	48	1
1	3	8	25	27	36	38	1
1	7	16	28	29	48	49	1
1	1	2	3	4	29	48	1
1	4	7	13	15	27	28	1
1	5	20	33	34	38	48	1
1	10	11	17	24	26	29	1
1	4	20	26	37	45	46	1
1	2	10	18	20	30	41	1
1	7	20	33	36	39	48	1
1	4	15	20	23	27	49	1
1	5	9	17	31	38	46	1
1	12	16	22	29	35	40	1
1	17	19	21	30	39	44	1
1	10	12	16	20	27	36	1
1	2	35	37	39	43	44	1
1	5	22	30	33	45	48	1
1	6	8	25	39	46	47	1
1	9	21	29	34	38	42	1
1	7	19	32	39	40	48	1
1	21	31	34	37	38	44	1
1	4	13	24	36	39	41	1
1	4	5	32	37	38	44	1
1	20	23	34	38	43	47	1
1	7	19	25	26	31	44	1
1	8	13	33	34	38	43	1
1	2	9	25	27	31	42	1
1	7	21	28	32	38	42	1
1	4	8	10	30	33	39	1
1	14	18	35	38	41	43	1
1	4	11	20	23	41	45	1
1	20	27	30	32	34	40	1
1	7	13	27	33	35	36	1
1	3	5	11	16	21	45	1
1	6	27	30	34	35	42	1
1	1	3	7	16	17	37	1
1	1	10	11	12	19	27	1
1	4	6	13	28	29	36	1
1	9	11	20	22	37	46	1
1	14	27	28	30	45	46	1
1	2	15	21	40	41	44	1
1	1	3	5	8	13	31	1
1	12	29	34	44	47	49	1
1	10	14	23	41	42	47	1
1	9	12	21	37	38	43	1
1	1	2	7	9	18	27	1
1	14	29	37	41	48	49	1
1	3	18	28	29	37	43	1
1	1	7	18	28	30	34	1
1	4	16	19	22	36	40	1
1	6	8	25	31	32	33	1
1	4	23	25	36	47	48	1
1	8	21	24	33	41	46	1
1	4	11	21	25	44	47	1
1	6	10	37	39	42	48	1
1	4	17	18	24	29	39	1
1	18	29	31	36	43	47	1
1	2	10	14	23	26	31	1
1	3	4	6	10	18	26	1
1	6	23	34	35	38	44	1
1	9	28	36	37	40	46	1
1	7	16	22	27	35	49	1
1	7	8	22	32	40	45	1
1	5	15	17	18	37	42	1
1	4	5	6	8	39	42	1
1	8	11	20	24	41	42	1
1	1	16	28	33	39	45	1
1	7	12	22	35	39	43	1
1	23	28	30	32	42	44	1
1	2	7	25	30	34	36	1
1	15	25	26	33	38	47	1
1	14	15	16	43	44	46	1
1	7	18	34	41	48	49	1
1	6	7	9	39	47	49	1
1	4	5	9	19	22	23	1
1	23	30	38	40	43	45	1
1	2	7	22	26	32	38	1
1	6	25	26	29	37	43	1
1	3	4	15	17	38	47	1
1	2	12	19	38	41	47	1
1	11	20	26	32	39	43	1
1	4	17	22	30	36	38	1
1	3	14	16	33	47	48	1
1	8	10	17	36	39	44	1
1	1	15	17	20	23	43	1
1	4	8	30	31	35	43	1
1	6	13	22	39	40	41	1
1	3	5	17	18	35	46	1
1	14	16	25	39	45	47	1
1	6	21	33	36	39	46	1
1	2	5	17	23	33	47	1
1	8	11	14	19	42	49	1
1	7	18	22	31	38	39	1
1	1	3	31	32	39	49	1
1	3	27	33	38	42	48	1
1	8	28	31	40	42	47	1
1	8	29	30	37	41	44	1
1	4	21	28	33	38	41	1
1	13	24	29	31	33	47	1
1	15	17	24	27	42	47	1
1	21	25	26	29	36	45	1
1	4	7	9	21	25	42	1
1	11	17	26	27	37	48	1
1	6	9	30	37	43	49	1
1	2	4	6	22	25	42	1
1	3	5	6	9	33	47	1
1	9	11	21	26	28	45	1
1	6	12	13	21	31	42	1
1	13	14	31	39	42	45	1
1	15	16	20	24	26	31	1
1	3	4	7	19	30	48	1
1	6	7	12	32	34	46	1
1	3	37	40	41	47	49	1
1	20	22	40	41	42	47	1
1	9	16	26	27	32	34	1
1	16	27	30	38	47	49	1
1	15	20	23	27	39	48	1
1	1	5	10	15	40	41	1
1	3	5	14	18	26	28	1
1	2	11	13	23	35	48	1
1	1	10	18	19	23	27	1
1	24	34	36	38	42	43	1
1	1	6	19	30	32	44	1
1	10	17	20	24	33	35	1
1	8	22	23	36	40	42	1
1	2	14	19	28	42	44	1
1	9	10	23	28	41	47	1
1	5	9	11	36	42	43	1
1	2	8	9	13	41	44	1
1	3	4	8	12	13	46	1
1	10	11	21	28	38	44	1
1	1	16	17	24	41	46	1
1	11	13	14	20	43	49	1
1	9	21	25	26	31	41	1
1	21	23	31	33	38	42	1
1	6	14	17	18	31	43	1
1	5	16	24	31	38	47	1
1	10	17	24	28	35	36	1
1	6	10	11	23	42	47	1
1	16	17	21	34	37	46	1
1	6	16	29	33	41	48	1
1	2	3	5	27	40	46	1
1	5	9	14	24	30	35	1
1	3	12	16	17	22	30	1
1	27	40	41	42	45	46	1
1	3	10	19	30	44	48	1
1	4	9	10	15	38	39	1
1	7	19	37	38	41	42	1
1	11	19	22	23	41	46	1
1	4	11	21	24	44	49	1
1	4	7	15	16	43	48	1
